1 0.909375 0.08515625 0.18046875 0.1703125
1 0.8015625 0.334375 0.32890625 0.31328125
1 0.62578125 0.10390625 0.37890625 0.2046875
1 0.41484375 0.43671875 0.284375 0.4328125
1 0.19375 0.1625 0.36640625 0.325
1 0.13515625 0.475 0.26796875 0.30625
1 0.66484375 0.45703125 0.18046875 0.340625
0 0.959375 0.54140625 0.08125 0.20625
0 0.85546875 0.6484375 0.078125 0.1203125
0 0.7359375 0.73203125 0.065625 0.103125
0 0.61328125 0.71640625 0.10625 0.1015625
0 0.41171875 0.78046875 0.14609375 0.09765625
0 0.3109375 0.75234375 0.040625 0.07578125
0 0.1125 0.646875 0.10078125 0.2078125