0 0.6015625 0.27421875 0.246875 0.4984375
0 0.19140625 0.47421875 0.1046875 0.33125
1 0.2828125 0.1859375 0.259375 0.371875
1 0.84765625 0.43359375 0.171875 0.3984375
1 0.515625 0.8328125 0.1140625 0.1921875
1 0.24453125 0.86875 0.121875 0.1375
1 0.65078125 0.815625 0.153125 0.26875
1 0.4015625 0.8046875 0.1078125 0.215625
1 0.790625 0.8109375 0.09375 0.2625
1 0.959375 0.7890625 0.08125 0.2375
1 0.64453125 0.59453125 0.21875 0.1515625
1 0.96171875 0.39609375 0.0734375 0.4625
1 0.8828125 0.11796875 0.234375 0.2359375