1 0.909375 0.08515625 0.18125 0.1703125
1 0.8015625 0.334375 0.3296875 0.3140625
1 0.62578125 0.10390625 0.3796875 0.2046875
1 0.41484375 0.43671875 0.284375 0.4328125
1 0.19375 0.1625 0.3671875 0.325
1 0.13515625 0.475 0.26875 0.30625
1 0.66484375 0.45703125 0.1796875 0.340625
0 0.959375 0.54140625 0.08125 0.20625
0 0.85546875 0.6484375 0.078125 0.1203125
0 0.7359375 0.73203125 0.065625 0.103125
0 0.61328125 0.71640625 0.10625 0.1015625
0 0.41171875 0.78046875 0.146875 0.0984375
0 0.3109375 0.75234375 0.040625 0.075
0 0.1125 0.646875 0.1015625 0.2078125