0 0.1515625 0.478125 0.21015625 0.23828125
0 0.44375 0.69140625 0.16171875 0.128125
0 0.68046875 0.71484375 0.28203125 0.1546875
0 0.3359375 0.565625 0.14296875 0.12890625
0 0.5390625 0.52421875 0.25546875 0.15234375
0 0.740625 0.53671875 0.08984375 0.10390625
0 0.80546875 0.54375 0.06015625 0.07265625
0 0.896875 0.5515625 0.10078125 0.09140625
0 0.96328125 0.51484375 0.0734375 0.13828125
1 0.71953125 0.3734375 0.24453125 0.20234375
1 0.4734375 0.32421875 0.23671875 0.24296875
1 0.10234375 0.27421875 0.19765625 0.15625
1 0.2953125 0.36875 0.10234375 0.13359375
1 0.4640625 0.12421875 0.11171875 0.153125
0 0.95703125 0.74921875 0.08515625 0.1375