0 0.1515625 0.478125 0.209375 0.2390625
0 0.44375 0.69140625 0.1609375 0.128125
0 0.68046875 0.71484375 0.2828125 0.1546875
0 0.3359375 0.565625 0.14375 0.1296875
0 0.5390625 0.52421875 0.25625 0.153125
0 0.740625 0.53671875 0.090625 0.1046875
0 0.80546875 0.54375 0.0609375 0.0734375
0 0.896875 0.5515625 0.1015625 0.090625
0 0.96328125 0.51484375 0.0734375 0.1390625
1 0.71953125 0.3734375 0.2453125 0.203125
1 0.4734375 0.32421875 0.2375 0.24375
1 0.10234375 0.27421875 0.1984375 0.15625
1 0.2953125 0.36875 0.103125 0.1328125
1 0.4640625 0.12421875 0.1125 0.153125
0 0.95703125 0.74921875 0.0859375 0.1375