0 0.3703125 0.3625 0.109375 0.0796875
0 0.18984375 0.3765625 0.040625 0.0390625
0 0.11875 0.3796875 0.0453125 0.0515625
0 0.0484375 0.37265625 0.0671875 0.065625
0 0.44296875 0.29609375 0.09375 0.046875
0 0.63125 0.21640625 0.1359375 0.09375
0 0.7078125 0.290625 0.0921875 0.0859375
0 0.825 0.334375 0.0578125 0.0859375
0 0.94140625 0.22890625 0.1171875 0.16875
0 0.45 0.16640625 0.05625 0.1015625
0 0.12265625 0.228125 0.1296875 0.0828125
1 0.3 0.17421875 0.1625 0.1734375
1 0.5265625 0.12890625 0.075 0.140625