0 0.13125 0.67890625 0.1046875 0.109375
0 0.21875 0.63515625 0.0375 0.065625
0 0.2734375 0.59375 0.0609375 0.078125
0 0.33671875 0.59921875 0.0453125 0.059375
0 0.41796875 0.6296875 0.065625 0.109375
0 0.5203125 0.55703125 0.059375 0.090625
0 0.58359375 0.61015625 0.0640625 0.1328125
0 0.72734375 0.6203125 0.053125 0.0828125
0 0.79609375 0.63046875 0.05 0.0828125
0 0.8546875 0.62109375 0.075 0.1046875
0 0.92734375 0.5859375 0.08125 0.1
0 0.96875 0.52734375 0.053125 0.128125
1 0.71328125 0.24140625 0.540625 0.4828125
1 0.2671875 0.2484375 0.2953125 0.496875