0 0.95546875 0.68046875 0.08125 0.1203125
0 0.87265625 0.61953125 0.071875 0.1328125
0 0.73203125 0.59375 0.0953125 0.1078125
0 0.61171875 0.54453125 0.115625 0.2125
0 0.50546875 0.475 0.084375 0.1890625
0 0.31796875 0.4875 0.078125 0.1515625
0 0.20234375 0.48671875 0.146875 0.1171875
1 0.4578125 0.6140625 0.1609375 0.1828125
1 0.81796875 0.43671875 0.153125 0.215625
1 0.64140625 0.3234375 0.184375 0.2125
1 0.62734375 0.10859375 0.1921875 0.1828125
1 0.76875 0.13203125 0.090625 0.1390625
1 0.4484375 0.1828125 0.184375 0.33125
1 0.25234375 0.1875 0.1859375 0.34375
1 0.0734375 0.1640625 0.146875 0.328125
1 0.06171875 0.40703125 0.11875 0.2203125