0 0.95546875 0.68046875 0.08125 0.1203125
0 0.87265625 0.61953125 0.07109375 0.13203125
0 0.73203125 0.59375 0.09453125 0.1078125
0 0.61171875 0.54453125 0.115625 0.21171875
0 0.50546875 0.475 0.084375 0.1890625
0 0.31796875 0.4875 0.07734375 0.15078125
0 0.20234375 0.48671875 0.146875 0.11640625
1 0.4578125 0.6140625 0.16015625 0.1828125
1 0.81796875 0.43671875 0.153125 0.21484375
1 0.64140625 0.3234375 0.18359375 0.21171875
1 0.62734375 0.10859375 0.19140625 0.1828125
1 0.76875 0.13203125 0.08984375 0.1390625
1 0.4484375 0.1828125 0.18359375 0.33125
1 0.25234375 0.1875 0.18515625 0.34296875
1 0.0734375 0.1640625 0.146875 0.32734375
1 0.06171875 0.40703125 0.11796875 0.21953125