0 0.390625 0.83203125 0.0796875 0.0640625
0 0.19609375 0.82421875 0.02265625 0.06015625
0 0.07421875 0.82734375 0.015625 0.02578125
0 0.46484375 0.83203125 0.03359375 0.06171875
0 0.52265625 0.83984375 0.0234375 0.0578125
0 0.565625 0.83515625 0.0203125 0.0640625
0 0.59765625 0.83984375 0.01484375 0.0671875
0 0.62109375 0.8296875 0.01484375 0.07421875
0 0.64296875 0.83515625 0.01953125 0.0640625
0 0.675 0.84375 0.021875 0.0625
0 0.73515625 0.8328125 0.046875 0.0734375
0 0.77578125 0.8484375 0.01171875 0.04140625
0 0.825 0.846875 0.05703125 0.06171875
0 0.4046875 0.284375 0.0421875 0.140625