0 0.58671875 0.9328125 0.10390625 0.13359375
0 0.71171875 0.88671875 0.12109375 0.09609375
0 0.95234375 0.78046875 0.090625 0.140625
0 0.75625 0.70625 0.115625 0.1609375
0 0.865625 0.62109375 0.115625 0.140625
0 0.9390625 0.51015625 0.07890625 0.15078125
0 0.69921875 0.43046875 0.0765625 0.05
0 0.78046875 0.39296875 0.0828125 0.0734375
0 0.78828125 0.27578125 0.16484375 0.109375
0 0.55078125 0.34609375 0.0359375 0.128125
0 0.38359375 0.59296875 0.11640625 0.1484375
0 0.46171875 0.75625 0.04375 0.06328125
0 0.30625 0.77578125 0.08046875 0.10234375
0 0.17890625 0.59765625 0.1 0.09375
0 0.2796875 0.5578125 0.11328125 0.1640625
0 0.1109375 0.4640625 0.02890625 0.1078125
0 0.26875 0.278125 0.11171875 0.28359375
0 0.02734375 0.6359375 0.0546875 0.20390625
0 0.109375 0.9265625 0.0859375 0.0875
1 0.103125 0.203125 0.20625 0.40625
1 0.440625 0.190625 0.2265625 0.38125
1 0.60625 0.14453125 0.15625 0.2890625
1 0.7515625 0.109375 0.3953125 0.21875