0 0.26796875 0.54453125 0.12890625 0.12890625
0 0.9125 0.55234375 0.17421875 0.23203125
0 0.740625 0.6 0.1421875 0.1078125
0 0.5390625 0.54296875 0.1203125 0.13359375
0 0.359375 0.43359375 0.16484375 0.19375
0 0.24765625 0.9515625 0.0890625 0.09296875
0 0.44609375 0.90859375 0.11484375 0.15078125
0 0.625 0.875 0.14375 0.2046875
0 0.8015625 0.8828125 0.07734375 0.1
0 0.93203125 0.9203125 0.071875 0.071875
0 0.6765625 0.7125 0.1890625 0.0890625
0 0.10859375 0.60390625 0.11171875 0.103125
0 0.0890625 0.484375 0.178125 0.0796875
1 0.08046875 0.709375 0.08046875 0.06875
1 0.33125 0.6734375 0.134375 0.1421875
1 0.64765625 0.2390625 0.2671875 0.478125
1 0.1265625 0.2203125 0.25234375 0.43984375