0 0.3390625 0.49765625 0.08125 0.1359375
0 0.44765625 0.47890625 0.06171875 0.14296875
0 0.5828125 0.54140625 0.065625 0.07109375
0 0.66640625 0.5984375 0.07890625 0.09453125
0 0.8078125 0.38984375 0.0640625 0.07421875
1 0.94140625 0.3171875 0.065625 0.20859375
1 0.57578125 0.3125 0.11171875 0.10859375
1 0.41875 0.30859375 0.096875 0.165625
1 0.27734375 0.34453125 0.103125 0.103125
1 0.10546875 0.4109375 0.2109375 0.321875
0 0.1109375 0.61953125 0.0703125 0.084375
0 0.75390625 0.9625 0.3359375 0.05390625
0 0.50703125 0.7578125 0.07421875 0.13828125