0 0.678125 0.2640625 0.24296875 0.528125
0 0.47890625 0.684375 0.12265625 0.2015625
1 0.65546875 0.78046875 0.1421875 0.32109375
1 0.4546875 0.85390625 0.23515625 0.19765625
1 0.2109375 0.73359375 0.08125 0.140625
1 0.0796875 0.7578125 0.14453125 0.15078125
1 0.0203125 0.45625 0.040625 0.25546875
1 0.45703125 0.38515625 0.175 0.23359375
1 0.30234375 0.15546875 0.07265625 0.3109375
1 0.18359375 0.18984375 0.0328125 0.15390625
1 0.425 0.07734375 0.1578125 0.15390625
1 0.86796875 0.63984375 0.08203125 0.2046875
1 0.321875 0.55234375 0.128125 0.3703125