0 0.9515625 0.7703125 0.096875 0.1484375
0 0.78515625 0.778125 0.140625 0.11875
0 0.60234375 0.78046875 0.1640625 0.0984375
0 0.45078125 0.76953125 0.1046875 0.1015625
0 0.365625 0.759375 0.0484375 0.078125
0 0.19375 0.70625 0.059375 0.0984375
0 0.1953125 0.740625 0.0046875 0.0046875
1 0.121875 0.371875 0.24375 0.5203125
1 0.328125 0.371875 0.1671875 0.5
1 0.52109375 0.4953125 0.2171875 0.4078125
1 0.54609375 0.16328125 0.271875 0.3265625
1 0.803125 0.540625 0.125 0.321875
1 0.9421875 0.3484375 0.109375 0.6640625
1 0.7796875 0.171875 0.1859375 0.315625
1 0.309375 0.66796875 0.14375 0.0859375