0 0.9515625 0.7703125 0.09609375 0.1484375
0 0.78515625 0.778125 0.13984375 0.11796875
0 0.60234375 0.78046875 0.1640625 0.09921875
0 0.45078125 0.76953125 0.10390625 0.10078125
0 0.365625 0.759375 0.0484375 0.07734375
0 0.19375 0.70625 0.05859375 0.09765625
0 0.1953125 0.740625 0.00390625 0.00546875
1 0.121875 0.371875 0.24375 0.51953125
1 0.328125 0.371875 0.16640625 0.49921875
1 0.52109375 0.4953125 0.2171875 0.40703125
1 0.54609375 0.16328125 0.27109375 0.3265625
1 0.803125 0.540625 0.125 0.321875
1 0.9421875 0.3484375 0.10859375 0.66328125
1 0.7796875 0.171875 0.18515625 0.31484375
1 0.309375 0.66796875 0.14296875 0.08515625