0 0.41875 0.3140625 0.025 0.04375
0 0.49375 0.86953125 0.03125 0.05625
0 0.73515625 0.896875 0.0546875 0.075
0 0.60390625 0.6578125 0.04375 0.0796875
0 0.44453125 0.715625 0.0265625 0.0703125
0 0.71875 0.58359375 0.04375 0.0484375
0 0.5875 0.5421875 0.046875 0.0921875
0 0.88671875 0.5578125 0.04375 0.034375
0 0.8265625 0.528125 0.0265625 0.0421875
0 0.91328125 0.5171875 0.0515625 0.05625
0 0.83203125 0.3734375 0.06875 0.0890625
0 0.4171875 0.30625 0.0203125 0.01875
0 0.37109375 0.3484375 0.0453125 0.0953125
0 0.2875 0.34453125 0.03125 0.08125
0 0.38671875 0.5359375 0.0328125 0.0828125
0 0.0203125 0.48359375 0.040625 0.065625
0 0.1140625 0.5984375 0.025 0.0359375
0 0.0828125 0.4328125 0.0265625 0.053125
0 0.02734375 0.8390625 0.0546875 0.05625