0 0.203125 0.4296875 0.15390625 0.14296875
0 0.7671875 0.49140625 0.08203125 0.178125
0 0.65625 0.46328125 0.090625 0.15390625
0 0.45078125 0.4265625 0.24609375 0.16953125
1 0.7125 0.2171875 0.31640625 0.3015625
0 0.64765625 0.34296875 0.13203125 0.06953125
0 0.07734375 0.3140625 0.09296875 0.21640625
0 0.175 0.12265625 0.08046875 0.1625
1 0.9046875 0.40625 0.18203125 0.2765625
1 0.37890625 0.1609375 0.31953125 0.321875
1 0.19296875 0.2671875 0.171875 0.1484375
1 0.06171875 0.1015625 0.11796875 0.1609375