1 0.32421875 0.3078125 0.1640625 0.23984375
1 0.60859375 0.26796875 0.1828125 0.25234375
1 0.76328125 0.175 0.053125 0.17421875
1 0.84609375 0.1546875 0.0359375 0.0953125
1 0.9546875 0.1140625 0.06953125 0.1265625
1 0.41015625 0.4453125 0.1640625 0.15234375
0 0.3890625 0.55390625 0.021875 0.0265625
0 0.63125 0.6140625 0.0171875 0.0234375
0 0.76875 0.6890625 0.02109375 0.05703125
0 0.87890625 0.5796875 0.01484375 0.0328125
0 0.28125 0.40546875 0.0125 0.015625
0 0.4984375 0.20234375 0.01328125 0.0203125