0 0.38828125 0.2109375 0.14609375 0.30703125
0 0.046875 0.321875 0.09375 0.359375
0 0.353125 0.4375 0.0953125 0.19296875
0 0.584375 0.56875 0.09921875 0.325
0 0.77421875 0.7359375 0.2203125 0.18359375
0 0.92265625 0.94765625 0.1515625 0.1046875
1 0.9046875 0.80234375 0.190625 0.2
1 0.2390625 0.7359375 0.4546875 0.10625
1 0.853125 0.4109375 0.2703125 0.4578125
1 0.5 0.6078125 0.06796875 0.24921875
1 0.6703125 0.865625 0.25234375 0.11484375
1 0.67421875 0.134375 0.42578125 0.26875
1 0.2015625 0.196875 0.2078125 0.365625
0 0.22734375 0.34609375 0.15546875 0.28828125
0 0.57109375 0.97109375 0.09765625 0.04765625