0 0.13984375 0.88984375 0.2796875 0.175
0 0.3703125 0.76640625 0.15234375 0.21328125
0 0.5203125 0.7109375 0.1265625 0.15078125
0 0.64453125 0.60546875 0.20703125 0.15078125
0 0.83203125 0.5140625 0.14921875 0.09765625
0 0.05859375 0.53828125 0.1171875 0.09375
0 0.2234375 0.5265625 0.17265625 0.0890625
0 0.3859375 0.546875 0.0875 0.0765625
0 0.35078125 0.4890625 0.07578125 0.05703125
0 0.41015625 0.4875 0.01953125 0.03203125
0 0.45703125 0.4890625 0.04453125 0.03984375
0 0.5328125 0.478125 0.03984375 0.04375
0 0.58515625 0.47109375 0.03046875 0.04375