0 0.71953125 0.871875 0.08515625 0.109375
0 0.03828125 0.6734375 0.0671875 0.05078125
0 0.76171875 0.725 0.04921875 0.0703125
0 0.10625 0.66953125 0.05546875 0.03984375
0 0.2421875 0.67265625 0.040625 0.06015625
0 0.33671875 0.6703125 0.0390625 0.05625
0 0.58203125 0.834375 0.06640625 0.1
0 0.5046875 0.83984375 0.0625 0.08515625
0 0.696875 0.7203125 0.0640625 0.09609375
0 0.609375 0.7171875 0.065625 0.090625
0 0.54296875 0.68046875 0.040625 0.06015625
0 0.82421875 0.69765625 0.03203125 0.0625
0 0.4234375 0.67890625 0.0484375 0.075
0 0.9796875 0.71796875 0.03984375 0.06796875