0 0.09296875 0.69765625 0.1859375 0.59609375
0 0.30703125 0.65234375 0.184375 0.42578125
0 0.46171875 0.53671875 0.14453125 0.271875
0 0.49140625 0.8546875 0.15859375 0.26640625
0 0.68828125 0.3609375 0.06953125 0.0890625
1 0.5234375 0.296875 0.32109375 0.365625
0 0.5625 0.39453125 0.03046875 0.03828125
0 0.61953125 0.39375 0.01875 0.02578125
0 0.77578125 0.36171875 0.0625 0.0671875
0 0.87109375 0.35859375 0.08671875 0.0546875
1 0.1375 0.23203125 0.24609375 0.3734375
1 0.346875 0.20859375 0.0984375 0.340625
1 0.79140625 0.47578125 0.20390625 0.171875
0 0.690625 0.95390625 0.15703125 0.0890625
0 0.61015625 0.63671875 0.1578125 0.215625
0 0.3 0.9171875 0.20234375 0.15
1 0.76953125 0.24921875 0.15 0.13046875