0 0.18828125 0.72265625 0.11796875 0.1984375
0 0.3171875 0.740625 0.0671875 0.18125
0 0.41484375 0.2875 0.0703125 0.13828125
1 0.4640625 0.903125 0.1578125 0.090625
1 0.48984375 0.28984375 0.0296875 0.24296875
0 0.5515625 0.75625 0.09140625 0.20390625
0 0.5890625 0.509375 0.02734375 0.2625
0 0.71796875 0.48359375 0.08046875 0.16875
0 0.67890625 0.80078125 0.06328125 0.18515625
0 0.6953125 0.94296875 0.05703125 0.0703125
1 0.24140625 0.3328125 0.215625 0.3828125
1 0.38828125 0.5421875 0.0546875 0.16171875