0 0.8703125 0.90078125 0.246875 0.15546875
0 0.6015625 0.9 0.275 0.15625
0 0.42421875 0.92109375 0.075 0.11171875
0 0.34921875 0.91953125 0.0640625 0.09765625
0 0.26796875 0.91953125 0.09765625 0.109375
0 0.16328125 0.9171875 0.09453125 0.1109375
0 0.05234375 0.91171875 0.09609375 0.11953125
1 0.8234375 0.5765625 0.3296875 0.48125
1 0.5046875 0.528125 0.30859375 0.65390625
1 0.22109375 0.5140625 0.2515625 0.68125
1 0.04921875 0.509375 0.08203125 0.67109375
1 0.68359375 0.165625 0.3265625 0.33125
1 0.25546875 0.09765625 0.50703125 0.1953125