0 0.109375 0.85078125 0.146875 0.1375
0 0.278125 0.81328125 0.10625 0.11875
0 0.57265625 0.703125 0.1015625 0.10625
0 0.91171875 0.7359375 0.1765625 0.0890625
0 0.91875 0.87890625 0.0515625 0.0859375
0 0.39375 0.66953125 0.0515625 0.0625
0 0.37265625 0.7671875 0.0375 0.034375
0 0.53828125 0.77109375 0.0390625 0.0375
0 0.50078125 0.57890625 0.0546875 0.08125
0 0.4015625 0.5234375 0.05 0.1578125
1 0.66484375 0.0859375 0.3703125 0.171875
1 0.89140625 0.1828125 0.2171875 0.30625
1 0.4953125 0.35859375 0.065625 0.1796875