0 0.109375 0.85078125 0.146875 0.13828125
0 0.278125 0.81328125 0.10546875 0.11875
0 0.57265625 0.703125 0.10078125 0.10546875
0 0.91171875 0.7359375 0.1765625 0.0890625
0 0.91875 0.87890625 0.05078125 0.08515625
0 0.39375 0.66953125 0.05078125 0.06171875
0 0.37265625 0.7671875 0.0375 0.03359375
0 0.53828125 0.77109375 0.03984375 0.0375
0 0.50078125 0.57890625 0.0546875 0.08046875
0 0.4015625 0.5234375 0.04921875 0.15703125
1 0.66484375 0.0859375 0.3703125 0.171875
1 0.89140625 0.1828125 0.2171875 0.30546875
1 0.4953125 0.35859375 0.06484375 0.1796875