0 0.6546875 0.575 0.1296875 0.3125
0 0.9375 0.4578125 0.125 0.20625
0 0.3640625 0.5671875 0.115625 0.1953125
0 0.55625 0.10859375 0.1390625 0.190625
0 0.53125 0.29921875 0.1296875 0.1859375
0 0.475 0.50390625 0.1171875 0.196875
0 0.5625 0.553125 0.059375 0.0796875
0 0.78515625 0.5390625 0.0484375 0.0640625
0 0.8625 0.45 0.06875 0.096875
0 0.6390625 0.3 0.090625 0.153125
0 0.43828125 0.31796875 0.0609375 0.078125
0 0.14140625 0.63046875 0.0875 0.1203125
0 0.2578125 0.584375 0.084375 0.109375
1 0.3953125 0.15234375 0.1640625 0.3046875
1 0.75 0.159375 0.225 0.30625