0 0.2359375 0.3390625 0.1203125 0.1859375
0 0.4171875 0.4296875 0.084375 0.146875
0 0.49375 0.5140625 0.1171875 0.121875
0 0.1125 0.35703125 0.0796875 0.0796875
0 0.0390625 0.68671875 0.0609375 0.0984375
0 0.6265625 0.734375 0.109375 0.059375
0 0.79140625 0.45859375 0.0828125 0.11875
0 0.86484375 0.4953125 0.0234375 0.05
0 0.95234375 0.41484375 0.053125 0.178125
1 0.6578125 0.49140625 0.1734375 0.328125
0 0.66484375 0.475 0.0234375 0.0453125
1 0.3078125 0.0828125 0.34375 0.165625
1 0.76171875 0.18125 0.278125 0.3625
1 0.04765625 0.17421875 0.09375 0.3484375