0 0.0671875 0.9015625 0.134375 0.16328125
0 0.19453125 0.93125 0.11484375 0.1375
0 0.3640625 0.865625 0.20546875 0.24296875
0 0.83984375 0.81171875 0.28984375 0.215625
0 0.7203125 0.50625 0.13515625 0.10625
0 0.62109375 0.390625 0.125 0.10859375
0 0.1703125 0.6703125 0.0765625 0.10703125
0 0.02890625 0.59453125 0.05703125 0.12734375
0 0.37890625 0.63359375 0.08671875 0.09765625
0 0.23515625 0.48359375 0.1078125 0.16328125
1 0.7640625 0.21875 0.22578125 0.4375
1 0.52421875 0.1671875 0.2203125 0.303125