0 0.240625 0.709375 0.1015625 0.103125
0 0.2765625 0.590625 0.05390625 0.0921875
0 0.371875 0.74453125 0.08046875 0.14609375
0 0.5921875 0.74140625 0.09609375 0.146875
0 0.9546875 0.77109375 0.090625 0.16875
0 0.1265625 0.625 0.02421875 0.028125
1 0.1703125 0.79375 0.03203125 0.075
1 0.35703125 0.74765625 0.09453125 0.1390625
1 0.60859375 0.80078125 0.159375 0.1046875
1 0.95390625 0.80625 0.0921875 0.14140625
0 0.4640625 0.73203125 0.084375 0.159375
0 0.87578125 0.72109375 0.06484375 0.11796875
0 0.79375 0.775 0.08125 0.10078125
0 0.79453125 0.6796875 0.0765625 0.09453125
0 0.69765625 0.7421875 0.0890625 0.1203125
1 0.875 0.80546875 0.06328125 0.128125
1 0.68671875 0.57421875 0.0671875 0.121875