0 0.2046875 0.52890625 0.0984375 0.153125
0 0.746875 0.42109375 0.478125 0.2328125
0 0.5484375 0.6828125 0.3140625 0.15625
1 0.15859375 0.2203125 0.3171875 0.440625
1 0.753125 0.146875 0.490625 0.29375
1 0.15390625 0.9203125 0.125 0.075
1 0.89921875 0.72734375 0.2015625 0.3
1 0.4125 0.2453125 0.1875 0.490625
1 0.08046875 0.55625 0.1609375 0.25625
0 0.41484375 0.8390625 0.2015625 0.0984375
0 0.2859375 0.95859375 0.10625 0.075
0 0.1359375 0.7375 0.234375 0.1
0 0.453125 0.4203125 0.109375 0.1515625
0 0.96796875 0.9375 0.0640625 0.1