1 0.209375 0.06953125 0.12734375 0.13828125
1 0.63671875 0.071875 0.1171875 0.14375
1 0.7421875 0.10078125 0.09921875 0.20078125
1 0.84765625 0.41015625 0.05859375 0.37734375
0 0.5296875 0.70390625 0.0984375 0.09375
0 0.83984375 0.6640625 0.0953125 0.18515625
0 0.13359375 0.62109375 0.046875 0.07265625
1 0.48515625 0.5765625 0.0625 0.12890625
1 0.3265625 0.515625 0.08046875 0.121875
1 0.25234375 0.209375 0.103125 0.13671875
1 0.34453125 0.109375 0.14453125 0.2046875
1 0.49296875 0.115625 0.1421875 0.2046875
1 0.49453125 0.340625 0.121875 0.1671875
1 0.62578125 0.228125 0.125 0.16875
0 0.28828125 0.6296875 0.07265625 0.0546875