0 0.04609375 0.9171875 0.0921875 0.05625
0 0.1375 0.91171875 0.07421875 0.07421875
0 0.26328125 0.91953125 0.0984375 0.07890625
0 0.37109375 0.90078125 0.0625 0.07578125
0 0.47109375 0.8953125 0.1015625 0.07265625
0 0.63203125 0.8984375 0.06171875 0.0625
0 0.546875 0.93671875 0.06875 0.0328125
0 0.69296875 0.9125 0.04296875 0.0625
0 0.9515625 0.8625 0.096875 0.05546875
1 0.93125 0.61484375 0.134375 0.35
1 0.8609375 0.21484375 0.17890625 0.41875
1 0.05 0.728125 0.1 0.24140625
1 0.7 0.70546875 0.15703125 0.25703125
0 0.846875 0.89296875 0.09140625 0.06875