1 0.7140625 0.20234375 0.5640625 0.40390625
1 0.5328125 0.859375 0.66015625 0.26171875
0 0.3515625 0.33828125 0.16015625 0.19453125
0 0.37421875 0.6625 0.34609375 0.15703125
1 0.30390625 0.11640625 0.27734375 0.2328125
1 0.14609375 0.37890625 0.253125 0.34609375
1 0.1125 0.9328125 0.17421875 0.12578125
1 0.50390625 0.53828125 0.19140625 0.06875
1 0.91875 0.84140625 0.1140625 0.29453125
0 0.7828125 0.87109375 0.32265625 0.09609375
0 0.734375 0.7046875 0.35703125 0.084375
0 0.20625 0.57421875 0.11015625 0.103125