0 0.04609375 0.5203125 0.0921875 0.1234375
0 0.15625 0.60078125 0.059375 0.0625
0 0.240625 0.6390625 0.0671875 0.084375
0 0.3296875 0.71875 0.075 0.0828125
0 0.478125 0.80234375 0.0703125 0.0640625
0 0.55390625 0.76015625 0.0578125 0.059375
0 0.6234375 0.72734375 0.053125 0.04375
1 0.825 0.5671875 0.3125 0.303125
0 0.68203125 0.7078125 0.053125 0.04375
0 0.7421875 0.71015625 0.0390625 0.0140625
0 0.971875 0.8828125 0.05 0.0546875
0 0.9171875 0.83203125 0.0484375 0.0734375
0 0.8640625 0.784375 0.034375 0.0578125
0 0.80625 0.73671875 0.0625 0.0640625
1 0.47890625 0.54140625 0.36875 0.3203125
1 0.82421875 0.22265625 0.30625 0.3578125
1 0.20390625 0.49296875 0.1578125 0.178125
1 0.07890625 0.32109375 0.1046875 0.2015625
1 0.2125 0.30390625 0.134375 0.1828125
1 0.50390625 0.50078125 0.2015625 0.2234375
1 0.60703125 0.30390625 0.134375 0.159375
1 0.44296875 0.29609375 0.125 0.1421875