0 0.9109375 0.721875 0.0515625 0.0546875
0 0.79375 0.7484375 0.065625 0.04375
0 0.7140625 0.721875 0.0734375 0.0859375
0 0.63125 0.69140625 0.0640625 0.0578125
0 0.43671875 0.79296875 0.06875 0.08125
0 0.34765625 0.728125 0.0953125 0.096875
0 0.23828125 0.64765625 0.103125 0.0921875
0 0.13203125 0.5875 0.0765625 0.0546875
0 0.2953125 0.55234375 0.0796875 0.11875
0 0.221875 0.540625 0.05 0.0859375
0 0.15234375 0.509375 0.0703125 0.1078125
1 0.0546875 0.29140625 0.109375 0.2921875
1 0.18359375 0.38671875 0.1015625 0.1578125
1 0.2828125 0.43125 0.0953125 0.125
1 0.73515625 0.503125 0.1828125 0.3453125
1 0.4796875 0.5109375 0.1671875 0.328125
1 0.9140625 0.49296875 0.171875 0.3953125
1 0.43046875 0.1859375 0.35 0.309375
1 0.80546875 0.16171875 0.3734375 0.290625
1 0.14140625 0.15625 0.278125 0.309375
1 0.36640625 0.478125 0.0640625 0.2734375
1 0.61015625 0.4921875 0.0765625 0.290625
0 0.46796875 0.70625 0.0921875 0.10625