0 0.06796875 0.85 0.046875 0.05390625
0 0.065625 0.75390625 0.05703125 0.09453125
0 0.175 0.759375 0.05859375 0.115625
0 0.95625 0.63359375 0.0640625 0.06171875
0 0.8875 0.55703125 0.046875 0.14296875
0 0.73359375 0.6046875 0.0328125 0.07578125
0 0.77265625 0.33671875 0.0171875 0.05859375
0 0.51875 0.240625 0.0625 0.11015625
0 0.4546875 0.3421875 0.04453125 0.07890625
0 0.37890625 0.4375 0.0703125 0.1
0 0.309375 0.5359375 0.04453125 0.0828125
0 0.2328125 0.66484375 0.04296875 0.11015625
0 0.0921875 0.68984375 0.04453125 0.03984375
1 0.07578125 0.43359375 0.1515625 0.2921875
1 0.13203125 0.20625 0.2640625 0.253125
1 0.3828125 0.18828125 0.19140625 0.19140625
1 0.6109375 0.09609375 0.17890625 0.184375
1 0.81171875 0.09609375 0.203125 0.1828125
1 0.6453125 0.3015625 0.17890625 0.2203125