0 0.05 0.959375 0.1 0.08125
0 0.97421875 0.76796875 0.0515625 0.0640625
0 0.90078125 0.74921875 0.0640625 0.078125
0 0.8296875 0.75703125 0.0578125 0.0546875
0 0.64609375 0.7640625 0.0359375 0.0546875
0 0.4578125 0.74765625 0.09375 0.0671875
0 0.19609375 0.77109375 0.0875 0.04375
0 0.146875 0.76328125 0.071875 0.053125
1 0.325 0.65390625 0.1296875 0.2078125
1 0.54453125 0.71171875 0.1296875 0.1203125
1 0.71171875 0.715625 0.14375 0.1171875
1 0.64375 0.56015625 0.284375 0.14375
1 0.54921875 0.25390625 0.2234375 0.446875
1 0.89921875 0.6078125 0.1734375 0.190625
1 0.4390625 0.634375 0.109375 0.1796875
1 0.134375 0.63125 0.2484375 0.2