0 0.05 0.959375 0.1 0.08125
0 0.97421875 0.76796875 0.0515625 0.0640625
0 0.90078125 0.74921875 0.0640625 0.07890625
0 0.8296875 0.75703125 0.05703125 0.05390625
0 0.64609375 0.7640625 0.0359375 0.05390625
0 0.4578125 0.74765625 0.09296875 0.0671875
0 0.19609375 0.77109375 0.08828125 0.04453125
0 0.146875 0.76328125 0.07109375 0.053125
1 0.325 0.65390625 0.1296875 0.20859375
1 0.54453125 0.71171875 0.12890625 0.1203125
1 0.71171875 0.715625 0.14296875 0.1171875
1 0.64375 0.56015625 0.284375 0.14296875
1 0.54921875 0.25390625 0.22421875 0.446875
1 0.89921875 0.6078125 0.17265625 0.18984375
1 0.4390625 0.634375 0.11015625 0.1796875
1 0.134375 0.63125 0.2484375 0.2