0 0.23671875 0.59765625 0.1875 0.72109375
0 0.58984375 0.909375 0.2375 0.15859375
0 0.86015625 0.771875 0.2796875 0.315625
0 0.6453125 0.746875 0.115625 0.1171875
0 0.64921875 0.60390625 0.12109375 0.10859375
0 0.515625 0.59609375 0.0796875 0.05859375
0 0.48046875 0.73359375 0.0875 0.1640625
0 0.38984375 0.60703125 0.06875 0.05703125
0 0.11171875 0.58359375 0.096875 0.09609375
1 0.903125 0.30234375 0.19375 0.6015625
1 0.67265625 0.42421875 0.1375 0.2375
1 0.51796875 0.41484375 0.0875 0.2328125
1 0.38125 0.41328125 0.07421875 0.25546875
1 0.67890625 0.14921875 0.1328125 0.29609375
1 0.5359375 0.14609375 0.09609375 0.2921875
1 0.36328125 0.1375 0.12109375 0.2625
1 0.1015625 0.42890625 0.1171875 0.21015625