0 0.34609375 0.43046875 0.0625 0.07578125
0 0.77421875 0.81640625 0.09453125 0.12109375
0 0.54453125 0.8921875 0.12578125 0.0875
0 0.67578125 0.84609375 0.09453125 0.07578125
0 0.8921875 0.68515625 0.11875 0.1015625
0 0.5546875 0.178125 0.0296875 0.12421875
0 0.10546875 0.8390625 0.034375 0.0640625
0 0.25234375 0.78984375 0.05546875 0.05390625
0 0.03515625 0.83515625 0.02421875 0.015625
0 0.38046875 0.5515625 0.146875 0.0796875
0 0.740625 0.5609375 0.03828125 0.03828125
0 0.82109375 0.55078125 0.02734375 0.02109375
0 0.91328125 0.334375 0.02109375 0.07421875
0 0.11171875 0.42265625 0.04296875 0.034375