0 0.34609375 0.43046875 0.0625 0.0765625
0 0.77421875 0.81640625 0.0953125 0.121875
0 0.54453125 0.8921875 0.1265625 0.0875
0 0.67578125 0.84609375 0.0953125 0.0765625
0 0.8921875 0.68515625 0.11875 0.1015625
0 0.5546875 0.178125 0.0296875 0.125
0 0.10546875 0.8390625 0.034375 0.0640625
0 0.25234375 0.78984375 0.05625 0.0546875
0 0.03515625 0.83515625 0.025 0.015625
0 0.38046875 0.5515625 0.146875 0.0796875
0 0.740625 0.5609375 0.0390625 0.0390625
0 0.82109375 0.55078125 0.028125 0.021875
0 0.91328125 0.334375 0.021875 0.075
0 0.11171875 0.42265625 0.04375 0.034375