0 0.08828125 0.82578125 0.1625 0.2078125
0 0.27421875 0.784375 0.1890625 0.1921875
0 0.48828125 0.7375 0.2234375 0.2265625
0 0.6796875 0.7296875 0.13125 0.09375
0 0.871875 0.6953125 0.2390625 0.125
1 0.08515625 0.49609375 0.1703125 0.4296875
1 0.278125 0.48828125 0.1875 0.371875
1 0.43046875 0.52890625 0.121875 0.1625
1 0.5734375 0.53515625 0.1453125 0.1734375
1 0.7609375 0.53046875 0.21875 0.203125
1 0.93203125 0.525 0.128125 0.2015625
1 0.49765625 0.3484375 0.203125 0.1546875
1 0.74921875 0.32890625 0.1796875 0.1734375
1 0.9109375 0.30546875 0.09375 0.1546875
1 0.77265625 0.1453125 0.1859375 0.2015625
1 0.5265625 0.13203125 0.19375 0.2640625
1 0.26796875 0.19609375 0.1984375 0.1453125
1 0.071875 0.17578125 0.14375 0.1359375