0 0.08828125 0.82578125 0.1625 0.20859375
0 0.27421875 0.784375 0.18828125 0.19140625
0 0.48828125 0.7375 0.22265625 0.22734375
0 0.6796875 0.7296875 0.13125 0.09453125
0 0.871875 0.6953125 0.23828125 0.12421875
1 0.08515625 0.49609375 0.1703125 0.4296875
1 0.278125 0.48828125 0.1875 0.37109375
1 0.43046875 0.52890625 0.12109375 0.16171875
1 0.5734375 0.53515625 0.14453125 0.17265625
1 0.7609375 0.53046875 0.21875 0.20390625
1 0.93203125 0.525 0.12734375 0.2015625
1 0.49765625 0.3484375 0.20390625 0.15390625
1 0.74921875 0.32890625 0.17890625 0.17265625
1 0.9109375 0.30546875 0.09296875 0.15390625
1 0.77265625 0.1453125 0.1859375 0.2015625
1 0.5265625 0.13203125 0.19296875 0.2640625
1 0.26796875 0.19609375 0.1984375 0.14453125
1 0.071875 0.17578125 0.14375 0.1359375