1 0.16796875 0.14609375 0.3359375 0.2921875
1 0.50234375 0.13203125 0.44375 0.2640625
1 0.81875 0.1 0.296875 0.2
1 0.04375 0.55703125 0.0875 0.1390625
0 0.04375 0.67109375 0.0875 0.1046875
0 0.2234375 0.83671875 0.0890625 0.3265625
0 0.3265625 0.890625 0.078125 0.075
0 0.32890625 0.44921875 0.1546875 0.215625
0 0.35859375 0.7171875 0.059375 0.284375
0 0.53828125 0.78984375 0.0515625 0.1046875
0 0.72890625 0.76171875 0.0859375 0.053125
0 0.73046875 0.58671875 0.0625 0.1953125
0 0.8046875 0.64140625 0.084375 0.1078125
0 0.9015625 0.66953125 0.10625 0.059375
0 0.76015625 0.490625 0.0859375 0.05625
0 0.621875 0.7296875 0.0984375 0.1875
0 0.49765625 0.87734375 0.04375 0.065625