0 0.28046875 0.8 0.1046875 0.315625
0 0.40859375 0.48984375 0.125 0.1921875
0 0.6046875 0.440625 0.1125 0.203125
0 0.6734375 0.22890625 0.078125 0.1875
0 0.615625 0.096875 0.065625 0.165625
0 0.103125 0.5828125 0.04375 0.0421875
0 0.05703125 0.9234375 0.0375 0.1078125
1 0.578125 0.28359375 0.0828125 0.1140625
1 0.72578125 0.09609375 0.1359375 0.1921875
1 0.40390625 0.19140625 0.184375 0.3828125
1 0.21875 0.4828125 0.1296875 0.1984375
1 0.04765625 0.5625 0.0953125 0.259375
1 0.115625 0.18203125 0.23125 0.3640625