0 0.13515625 0.44296875 0.0921875 0.159375
0 0.671875 0.703125 0.071875 0.240625
0 0.8109375 0.57265625 0.109375 0.18125
0 0.4734375 0.62734375 0.11875 0.171875
1 0.2890625 0.40078125 0.196875 0.475
1 0.09921875 0.171875 0.1765625 0.3171875
1 0.2375 0.0765625 0.09375 0.153125
1 0.47890625 0.29375 0.071875 0.228125
1 0.5765625 0.34765625 0.0578125 0.2453125
1 0.38515625 0.07890625 0.16875 0.14375
1 0.665625 0.31015625 0.1109375 0.5046875
1 0.5390625 0.0984375 0.1265625 0.196875
1 0.928125 0.5328125 0.115625 0.3375
1 0.79765625 0.39453125 0.1359375 0.1609375