2 0.18359375 0.9570316666666667 0.1875 0.9257816666666667 0.20117249999999998 0.9179683333333333 0.206055 0.8255216666666666 0.18847625 0.8255216666666666 0.1796875 0.834635 0.17578125 0.9361983333333335 0.1796875 0.9570316666666667
2 0.28515625 0.9127599999999999 0.30371125 0.908855 0.30859375 0.8997400000000001 0.30859375 0.8111983333333334 0.30371125 0.8046883333333333 0.27734375 0.8138016666666666 0.271485 0.9075516666666665
2 0.76171875 0.8945316666666667 0.76757875 0.8841150000000001 0.7636725 0.74349 0.7314449999999999 0.734375 0.7265625 0.7513016666666666 0.734375 0.85026 0.73046875 0.8919266666666665
2 0.5292975 0.8815099999999999 0.53515625 0.8763016666666665 0.53320375 0.7617183333333334 0.49121125 0.76823 0.48632875 0.77474 0.48632875 0.8789066666666667
2 0.7011725 0.8997400000000001 0.708985 0.8945316666666667 0.70507875 0.7330733333333334 0.6943362500000001 0.7239583333333334 0.6669925000000001 0.71875 0.6640625 0.7539066666666666 0.6699225 0.8971349999999999
2 0.396485 0.9335933333333333 0.4267575 0.9322916666666666 0.4453125 0.9205733333333335 0.44726625 0.772135 0.4423825 0.7630216666666666 0.39160125 0.76823 0.38671875 0.77474 0.38476625 0.8294266666666666 0.375 0.8398433333333334 0.3828125 0.8450516666666666 0.3828125 0.8841150000000001 0.3798825 0.89323 0.37793 0.8880216666666666 0.3730475 0.8919266666666665 0.37695375 0.8945316666666667 0.375 0.9127599999999999 0.38476625 0.9205733333333335 0.38964875 0.9348966666666666
2 0.29882875 0.6914066666666666 0.31640625 0.6757816666666666 0.31836 0.6289066666666666 0.3232425 0.6223966666666666 0.34472625 0.6692716666666666 0.37890625 0.6575516666666666 0.38476625 0.5611983333333334 0.37402375 0.5416666666666666 0.359375 0.53776 0.37402375 0.5286466666666666 0.37207 0.5208333333333334 0.35058625 0.5286466666666666 0.34472625 0.515625 0.33496125 0.515625 0.328125 0.5273433333333334 0.33496125 0.5260416666666666 0.3359375 0.53776 0.31543 0.5442716666666666 0.30957 0.5625 0.2792975 0.5664066666666666 0.28222625 0.5755216666666666 0.29589875 0.5677083333333334 0.3046875 0.5742183333333334 0.30371125 0.58073 0.2578125 0.584635 0.2636725 0.5898433333333334 0.2636725 0.6236983333333334 0.2792975 0.647135 0.28125 0.6888016666666666
2 0.36132875 0.5013016666666666 0.3730475 0.49349 0.36914125 0.48828166666666667 0.36914125 0.40234333333333333 0.375 0.37890666666666667 0.37109375 0.334635 0.362305 0.33072999999999997 0.356445 0.3177083333333333 0.34472625 0.3177083333333333 0.3203125 0.28515666666666667 0.31152375 0.2552083333333333 0.2919925 0.25 0.30859375 0.27734333333333333 0.29882875 0.2981766666666667 0.2949225 0.352865 0.2861325 0.3645833333333333 0.268555 0.35677166666666665 0.25 0.3606766666666667 0.24414124999999998 0.3736983333333333 0.25 0.4361983333333333 0.25878875 0.453125 0.2763675 0.46093833333333334 0.2919925 0.48177166666666665 0.3232425 0.47656333333333334 0.33007875 0.4830733333333333 0.3330075 0.49739666666666665
2 0.1953125 0.7174483333333334 0.21484375 0.7070316666666666 0.22265625 0.6393233333333334 0.21875 0.6054683333333334 0.22265625 0.5950516666666666 0.2080075 0.5859383333333333 0.200195 0.596355 0.1875 0.5898433333333334 0.1923825 0.578125 0.19628875 0.5833333333333334 0.20117249999999998 0.5794266666666666 0.20507874999999998 0.5585933333333334 0.2109375 0.4518233333333333 0.20117249999999998 0.4075516666666667 0.19043 0.3958333333333333 0.174805 0.39322999999999997 0.143555 0.3541666666666667 0.11230499999999999 0.3333333333333333 0.09472625000000001 0.3333333333333333 0.0917975 0.3424483333333333 0.09570375 0.3580733333333333 0.08984375 0.3736983333333333 0.0917975 0.4049483333333333 0.08007875 0.4388016666666667 0.08691375000000001 0.44531333333333334 0.11425750000000001 0.4479166666666667 0.1328125 0.477865 0.1386725 0.5143233333333334 0.16015625 0.52474 0.171875 0.584635 0.18164124999999998 0.5976566666666666 0.18164124999999998 0.6054683333333334 0.171875 0.6106766666666666 0.16992249999999998 0.6419266666666666 0.18554749999999998 0.7148433333333334
2 0.49414125 0.6263016666666666 0.5107425 0.625 0.53320375 0.6106766666666666 0.5390625 0.5976566666666666 0.546875 0.540365 0.546875 0.48828166666666667 0.53711 0.47526 0.53125 0.4388016666666667 0.515625 0.4231766666666667 0.51757875 0.26171833333333333 0.5390625 0.23307333333333333 0.53515625 0.21223999999999998 0.515625 0.18619833333333333 0.5136725 0.16536499999999998 0.49902375 0.15104166666666666 0.43847625 0.14843833333333334 0.42871125 0.14323 0.42285125 0.13020833333333334 0.41503875 0.13020833333333334 0.40527375 0.140625 0.37793 0.13281333333333334 0.3642575 0.13541666666666666 0.3574225 0.14713500000000002 0.3574225 0.18098999999999998 0.362305 0.190105 0.38378875 0.19270833333333334 0.39257875 0.21744833333333333 0.39453125 0.2981766666666667 0.40234375 0.3138016666666667 0.3984375 0.33984333333333333 0.40918 0.35677166666666665 0.4375 0.37890666666666667 0.44140625 0.415365 0.453125 0.42578166666666667 0.458985 0.44140666666666667 0.45703125 0.47265666666666667 0.4375 0.49349 0.44336 0.5611983333333334 0.45410125 0.5859383333333333 0.46582 0.5885416666666666 0.4824225 0.6106766666666666 0.484375 0.6236983333333334
2 0.78125 0.6757816666666666 0.7861324999999999 0.625 0.8017574999999999 0.6223966666666666 0.8154300000000001 0.6041666666666666 0.8330074999999999 0.5989583333333334 0.8662112500000001 0.61198 0.8779300000000001 0.5885416666666666 0.8916012499999999 0.5833333333333334 0.9042975 0.5664066666666666 0.90625 0.53776 0.90039125 0.48828166666666667 0.90820375 0.446615 0.92382875 0.41276 0.92382875 0.384115 0.9345699999999999 0.37760499999999997 0.9521487500000001 0.38281333333333334 0.96289125 0.37109333333333333 0.9667975 0.34765666666666667 0.9345699999999999 0.3020833333333333 0.8896487500000001 0.25781333333333334 0.8525387499999999 0.2708333333333333 0.8359375 0.29296833333333333 0.8261725 0.321615 0.828125 0.3919266666666667 0.83007875 0.4075516666666667 0.8417975 0.415365 0.8417975 0.45703166666666667 0.8251949999999999 0.4791666666666667 0.8115237500000001 0.48177166666666665 0.802735 0.47526 0.78711 0.446615 0.77539125 0.4049483333333333 0.78125 0.3893233333333333 0.77539125 0.38151 0.8037112500000001 0.3645833333333333 0.8105475 0.352865 0.80078125 0.3268233333333333 0.7949225 0.272135 0.7529300000000001 0.21875 0.7236324999999999 0.19270833333333334 0.6923824999999999 0.190105 0.6611324999999999 0.20833333333333334 0.65625 0.22005166666666667 0.65820375 0.24609333333333333 0.66796875 0.27474 0.66211 0.3111983333333333 0.6699225 0.34765666666666667 0.67382875 0.44140666666666667 0.6591800000000001 0.46093833333333334 0.6435550000000001 0.46093833333333334 0.62695375 0.4700516666666667 0.62695375 0.49609333333333333 0.6230475 0.509115 0.6171875 0.5117183333333334 0.6171875 0.5351566666666666 0.612305 0.5416666666666666 0.60839875 0.5208333333333334 0.59472625 0.5208333333333334 0.5917975 0.5664066666666666 0.58496125 0.578125 0.58203125 0.5742183333333334 0.5859375 0.56901 0.5761725 0.55599 0.57714875 0.5208333333333334 0.56640625 0.53776 0.5703125 0.5455733333333334 0.5703125 0.5794266666666666 0.6044925 0.5833333333333334 0.6142575 0.5625 0.62207 0.58073 0.62402375 0.565105 0.6386725 0.5664066666666666 0.640625 0.5924483333333334 0.63476625 0.5976566666666666 0.6386725 0.6106766666666666 0.63086 0.63151 0.64257875 0.6419266666666666 0.6416012499999999 0.6770833333333334 0.6484375 0.6757816666666666 0.64453125 0.6705733333333334 0.6455074999999999 0.640625 0.7294925000000001 0.6666666666666666 0.73632875 0.66276 0.7392574999999999 0.6458333333333334 0.7607425000000001 0.6458333333333334 0.765625 0.64974 0.765625 0.6601566666666666 0.75976625 0.665365 0.7685550000000001 0.67448