0 0.11640625 0.221875 0.0859375 0.24921875
0 0.2078125 0.534375 0.1328125 0.13359375
0 0.28125 0.78046875 0.0984375 0.29765625
0 0.6078125 0.70390625 0.1515625 0.37109375
0 0.428125 0.8640625 0.17578125 0.13046875
0 0.93671875 0.71484375 0.05703125 0.2140625
0 0.41640625 0.06796875 0.071875 0.1265625
0 0.571875 0.23203125 0.18671875 0.25625
0 0.5453125 0.42109375 0.14765625 0.13828125
0 0.27109375 0.05546875 0.1421875 0.1078125
0 0.4046875 0.690625 0.109375 0.1578125
0 0.78046875 0.34296875 0.12265625 0.15703125
1 0.903125 0.134375 0.19296875 0.26875
1 0.046875 0.22109375 0.09375 0.4421875