1 0.1984375 0.17734375 0.396875 0.3546875
1 0.534375 0.2375 0.2890625 0.46875
1 0.8359375 0.22578125 0.3203125 0.4515625
0 0.746875 0.51171875 0.30625 0.2453125
0 0.33671875 0.42578125 0.25625 0.353125
0 0.209375 0.75234375 0.1328125 0.1
0 0.2921875 0.621875 0.053125 0.05
0 0.55703125 0.559375 0.0953125 0.1296875
0 0.43515625 0.71640625 0.071875 0.15
0 0.6640625 0.66953125 0.04375 0.0546875
0 0.8734375 0.71953125 0.0359375 0.10625
0 0.9578125 0.421875 0.0296875 0.20625
1 0.1125 0.528125 0.1984375 0.321875