1 0.22890625 0.1484375 0.3203125 0.296875
1 0.63515625 0.221875 0.3625 0.44375
1 0.18515625 0.7203125 0.11015625 0.17109375
0 0.22734375 0.83046875 0.09296875 0.059375
0 0.27578125 0.45078125 0.14140625 0.375
0 0.36328125 0.57578125 0.11640625 0.1734375
0 0.47890625 0.6546875 0.109375 0.2125
0 0.47890625 0.846875 0.08984375 0.07890625
0 0.675 0.8390625 0.17890625 0.1296875
0 0.775 0.609375 0.13359375 0.25390625
0 0.621875 0.66171875 0.109375 0.13671875
0 0.54296875 0.44921875 0.0390625 0.07578125