0 0.10390625 0.66484375 0.0796875 0.1453125
0 0.23125 0.66484375 0.0359375 0.075
0 0.3703125 0.5828125 0.0796875 0.17265625
0 0.42734375 0.34453125 0.05625 0.1609375
0 0.653125 0.328125 0.09453125 0.13671875
0 0.5328125 0.59375 0.06875 0.08125
0 0.5046875 0.43671875 0.05859375 0.1203125
0 0.45859375 0.603125 0.0859375 0.18828125
0 0.28515625 0.88984375 0.05859375 0.03203125
0 0.49609375 0.89375 0.03203125 0.02890625
1 0.21796875 0.32578125 0.23359375 0.3171875
0 0.55 0.184375 0.09453125 0.15546875
0 0.70390625 0.1859375 0.08828125 0.1375
0 0.79453125 0.20859375 0.0421875 0.0921875
1 0.41484375 0.11171875 0.2171875 0.22265625
1 0.63515625 0.06484375 0.221875 0.12890625
1 0.053125 0.51640625 0.0984375 0.4328125