0 0.22421875 0.771875 0.14765625 0.165625
0 0.340625 0.75859375 0.096875 0.11328125
0 0.44609375 0.73359375 0.09921875 0.0984375
0 0.29296875 0.5 0.059375 0.07578125
0 0.1859375 0.60390625 0.03125 0.03671875
0 0.48984375 0.50234375 0.0296875 0.046875
0 0.61484375 0.51171875 0.11484375 0.0765625
0 0.77421875 0.5375 0.1140625 0.0953125
0 0.81796875 0.64140625 0.07734375 0.05234375
1 0.59609375 0.3140625 0.1625 0.271875
0 0.6421875 0.36015625 0.04453125 0.06875
1 0.32578125 0.20546875 0.37421875 0.4109375
1 0.57421875 0.1 0.1234375 0.13671875
1 0.721875 0.35390625 0.1265625 0.1640625