0 0.13203125 0.046875 0.203125 0.09375
0 0.1 0.39296875 0.115625 0.5625
0 0.35859375 0.91640625 0.2734375 0.1484375
0 0.07734375 0.93984375 0.1546875 0.1171875
0 0.51328125 0.56875 0.18125 0.2
0 0.34140625 0.40546875 0.1109375 0.5421875
0 0.51171875 0.1 0.184375 0.05625
0 0.553125 0.27734375 0.1015625 0.303125
0 0.91328125 0.09453125 0.1609375 0.0796875
0 0.94375 0.459375 0.1125 0.1671875
1 0.91484375 0.61171875 0.1703125 0.23125
0 0.7109375 0.66015625 0.178125 0.15
0 0.21171875 0.4015625 0.0828125 0.590625
0 0.91796875 0.2515625 0.1640625 0.228125