0 0.55859375 0.259375 0.1390625 0.31875
0 0.54765625 0.57578125 0.1078125 0.3234375
0 0.675 0.46953125 0.0875 0.221875
0 0.7703125 0.8390625 0.19375 0.14375
0 0.64375 0.89296875 0.096875 0.121875
0 0.3328125 0.54765625 0.0515625 0.0703125
0 0.41015625 0.59609375 0.125 0.184375
0 0.28125 0.890625 0.0359375 0.046875
0 0.41484375 0.3625 0.11875 0.165625
1 0.440625 0.128125 0.1796875 0.25625
1 0.728125 0.1640625 0.2265625 0.3234375
0 0.4125 0.8453125 0.0671875 0.0703125
0 0.7796875 0.6046875 0.04375 0.0625
0 0.80859375 0.44140625 0.028125 0.0625
0 0.7515625 0.4796875 0.065625 0.046875