1 0.61303125 0.15555555555555556 0.10372916666666666 0.3111111111111111
0 0.5411770833333333 0.1875 0.043354166666666666 0.10277777777777777
0 0.5609583333333333 0.29305555555555557 0.05792708333333333 0.11388888888888889
1 0.8316250000000001 0.3277777777777778 0.33675 0.6555555555555556
1 0.24952083333333333 0.4013888888888889 0.493375 0.7916666666666666
0 0.587 0.4125 0.06416666666666666 0.11944444444444445
0 0.6276145833333333 0.5472222222222223 0.07039583333333334 0.15
1 0.5463749999999999 0.6375 0.09542708333333333 0.3194444444444444
0 0.52659375 0.06805555555555555 0.06002083333333333 0.1361111111111111
0 0.6536562499999999 0.6986111111111111 0.07246875 0.1527777777777778
1 0.856625 0.7666666666666667 0.28674999999999995 0.2111111111111111
0 0.65728125 0.8361111111111111 0.10213541666666666 0.125
1 0.08291666666666667 0.8708333333333333 0.16016666666666665 0.125