1 0.306640625 0.2685546875 0.400390625 0.244140625
1 0.8232421875 0.326171875 0.197265625 0.166015625
1 0.3701171875 0.375 0.0595703125 0.0498046875
1 0.4794921875 0.4404296875 0.0283203125 0.0810546875
1 0.392578125 0.4658203125 0.052734375 0.03125
1 0.275390625 0.5 0.0498046875 0.0810546875
1 0.744140625 0.5234375 0.4248046875 0.228515625
1 0.3076171875 0.669921875 0.0966796875 0.0966796875
1 0.9091796875 0.6982421875 0.087890625 0.115234375
1 0.796875 0.7138671875 0.0439453125 0.134765625
1 0.5732421875 0.2109375 0.1279296875 0.134765625