1 0.44317187500000005 0.12191666666666666 0.24965104166666663 0.24382407407407405
1 0.8206927083333333 0.1265462962962963 0.31027604166666667 0.24691666666666667
0 0.617625 0.18673148148148147 0.0916406249999999 0.12654629629629632
1 0.42061458333333335 0.2962962962962963 0.08650520833333329 0.10493518518518523
0 0.6193385416666667 0.30092592592592593 0.30688020833333335 0.10802777777777774
1 0.27307291666666667 0.30863888888888885 0.10392187499999998 0.07407407407407407
0 0.5138020833333333 0.5037037037037037 0.6088541666666667 0.30308333333333326
1 0.12379166666666667 0.6188240740740741 0.11091666666666669 0.243824074074074
1 0.2973645833333334 0.6959907407407407 0.16640104166666667 0.08950925925925933
1 0.5794322916666667 0.7021574074074074 0.15414583333333334 0.08333333333333333
0 0.7339166666666667 0.7021574074074074 0.14367187499999995 0.040120370370370306