1 0.443171875 0.12191666666666666 0.24965104166666666 0.24382407407407405
1 0.8206927083333333 0.1265462962962963 0.31027604166666667 0.24691666666666667
0 0.617625 0.18673148148148147 0.09164062499999999 0.1265462962962963
1 0.42061458333333335 0.2962962962962963 0.08650520833333333 0.10493518518518519
0 0.6193385416666667 0.30092592592592593 0.30688020833333335 0.10802777777777778
1 0.27307291666666667 0.30863888888888885 0.103921875 0.07407407407407407
0 0.5138020833333333 0.5037037037037037 0.6088541666666667 0.3030833333333333
1 0.12379166666666667 0.6188240740740741 0.11091666666666668 0.24382407407407405
1 0.2973645833333334 0.6959907407407407 0.16640104166666667 0.08950925925925926
1 0.5794322916666667 0.7021574074074074 0.15414583333333332 0.08333333333333333
0 0.7339166666666667 0.7021574074074074 0.143671875 0.04012037037037037