1 0.07396666666666668 0.13609166666666667 0.1413 0.27218333333333333
1 0.71465 0.15278333333333333 0.5504749999999999 0.30555000000000004
1 0.32853333333333334 0.17916666666666667 0.2273 0.35277499999999995
0 0.06332499999999999 0.3194416666666667 0.09686666666666666 0.21110833333333337
1 0.649325 0.359725 0.10775833333333329 0.10277500000000003
1 0.5174 0.3763916666666667 0.15502499999999997 0.1305583333333333
1 0.9060583333333333 0.42639166666666667 0.18788333333333337 0.24722499999999997
0 0.22355833333333333 0.43514166666666665 0.15332500000000002 0.1675
0 0.38548333333333334 0.4361083333333334 0.10785833333333329 0.15555833333333338
0 0.7548583333333334 0.46527500000000005 0.10771666666666666 0.19722500000000007
0 0.6465416666666667 0.47222499999999995 0.10775833333333329 0.13333333333333333
0 0.4854666666666666 0.4819416666666667 0.057825000000000085 0.0805583333333334
0 0.17996666666666664 0.06805833333333335 0.06905000000000001 0.125