1 0.8828125 0.341796875 0.228515625 0.0966796875
1 0.2919921875 0.3876953125 0.0595703125 0.037109375
1 0.228515625 0.3984375 0.037109375 0.0283203125
1 0.400390625 0.4169921875 0.15625 0.103515625
1 0.248046875 0.4267578125 0.041015625 0.0283203125
1 0.916015625 0.462890625 0.162109375 0.150390625
1 0.6328125 0.4921875 0.271484375 0.1533203125
1 0.5654296875 0.501953125 0.130859375 0.146484375
1 0.8310546875 0.5205078125 0.0810546875 0.046875
1 0.314453125 0.5595703125 0.041015625 0.0625
1 0.412109375 0.587890625 0.15625 0.1689453125
1 0.9375 0.595703125 0.119140625 0.1220703125
1 0.814453125 0.59375 0.046875 0.0439453125
1 0.6875 0.6142578125 0.369140625 0.078125
1 0.8564453125 0.7080078125 0.28125 0.115234375
1 0.1826171875 0.294921875 0.083984375 0.052734375