1 0.8189930555555555 0.3 0.3620069444444444 0.6
0 0.10183333333333332 0.3386363636363636 0.061000000000000006 0.36818181818181817
0 0.15252083333333333 0.36363636363636365 0.02626388888888889 0.2636363636363636
0 0.24972222222222223 0.3659090909090909 0.07066666666666667 0.36818181818181817
0 0.017569444444444447 0.41818181818181815 0.035145833333333334 0.4
0 0.5267291666666667 0.45227272727272727 0.3163472222222222 0.8954545454545455
1 0.3309583333333333 0.5636363636363636 0.06646527777777778 0.42727272727272725
1 0.7176875 0.7522727272727273 0.059381944444444446 0.21363636363636362
0 0.8933472222222223 0.7659090909090909 0.09680555555555556 0.4681818181818182
0 0.7829583333333333 0.865909090909091 0.034361111111111106 0.17727272727272728
0 0.9821944444444444 0.9022727272727272 0.035611111111111114 0.19545454545454546