0 0.8511875 0.5434782608695652 0.0608281250000001 0.27534782608695646
0 0.952703125 0.5507391304347826 0.09457812499999996 0.22465217391304343
0 0.702125 0.5887826086956521 0.04656249999999993 0.07608695652173914
1 0.392296875 0.6793478260869565 0.08832812499999995 0.1050869565217392
1 0.6507031249999999 0.6829565217391305 0.04787499999999998 0.16304347826086957
1 0.7008281249999999 0.7010869565217391 0.051765624999999996 0.14130434782608695
1 0.19115625 0.7046956521739131 0.12095312500000004 0.1485652173913044
1 0.8186406249999999 0.7264347826086958 0.1155156250000001 0.09056521739130428
0 0.07725 0.7391304347826086 0.10407812500000002 0.22465217391304354
1 0.6296875 0.0782608695652174 0.190625 0.1565217391304348
1 0.888296875 0.18839130434782608 0.1297968749999999 0.362304347826087
1 0.774375 0.30978260869565216 0.09470312499999985 0.6195652173913043
1 0.26012500000000005 0.3133913043478261 0.412546875 0.6267826086956522