1 0.2161290322580645 0.32808022922636104 0.25161290322580643 0.42120343839541546
0 0.40403225806451615 0.4340974212034384 0.12741935483870967 0.09455587392550144
0 0.13548387096774195 0.5773638968481375 0.09032258064516129 0.19197707736389685
0 0.267741935483871 0.6160458452722063 0.025806451612903226 0.08595988538681948
0 0.3225806451612903 0.6174785100286533 0.02903225806451613 0.14040114613180515
0 0.3790322580645161 0.6217765042979942 0.035483870967741936 0.1833810888252149
0 0.19838709677419356 0.6418338108882522 0.02258064516129032 0.09742120343839542
0 0.2314516129032258 0.6418338108882522 0.03064516129032258 0.12034383954154727
0 0.6532258064516129 0.6790830945558739 0.15806451612903225 0.33810888252148996
0 0.9588709677419355 0.6876790830945558 0.06612903225806452 0.07449856733524356
0 0.7919354838709678 0.7550143266475645 0.01935483870967742 0.19197707736389685
1 0.7766129032258065 0.12177650429799428 0.43709677419354837 0.23209169054441262
1 0.37016129032258066 0.20773638968481375 0.29838709677419356 0.30659025787965616