0 0.582421875 0.1736111111111111 0.15434374999999995 0.3472222222222222
1 0.15984375 0.2222222222222222 0.11233593750000001 0.3055555555555556
1 0.0426875 0.31805555555555554 0.08425 0.20277777777777778
1 0.412921875 0.33055555555555555 0.13722656250000007 0.12777777777777777
0 0.8580937499999999 0.39861111111111114 0.28381250000000013 0.4638888888888889
0 0.0278515625 0.48055555555555557 0.042078125 0.1111111111111111
0 0.1489140625 0.48333333333333334 0.09982812499999998 0.11666666666666667
0 0.317625 0.5861111111111111 0.17475781249999994 0.37777777777777777
0 0.0653359375 0.6375 0.11079687499999999 0.11944444444444445
0 0.46839062499999995 0.6541666666666667 0.07628125000000008 0.2972222222222222
1 0.049609375 0.10555555555555556 0.09921875 0.2111111111111111
1 0.366828125 0.13472222222222222 0.2762734375 0.26944444444444443