1 0.2607421875 0.380859375 0.0283203125 0.1064453125
1 0.1982421875 0.439453125 0.0341796875 0.115234375
1 0.619140625 0.462890625 0.087890625 0.099609375
1 0.4560546875 0.4794921875 0.087890625 0.109375
1 0.353515625 0.564453125 0.068359375 0.2841796875
1 0.6640625 0.5732421875 0.083984375 0.140625
1 0.5126953125 0.595703125 0.0625 0.203125
1 0.8798828125 0.609375 0.041015625 0.09375
1 0.25 0.6142578125 0.0439453125 0.078125
1 0.162109375 0.6689453125 0.0498046875 0.21875
1 0.486328125 0.1220703125 0.236328125 0.2392578125
1 0.294921875 0.158203125 0.166015625 0.3095703125
1 0.1171875 0.1669921875 0.1845703125 0.328125
1 0.7109375 0.2685546875 0.046875 0.1123046875