0 0.2846836734693878 0.39279491833030855 0.11641836734693878 0.22038112522686026
0 0.46158163265306124 0.4627949183303085 0.2333673469387755 0.4537205081669691
0 0.15663265306122448 0.49727767695099817 0.12959183673469388 0.30127041742286753
0 0.6661020408163265 0.5607985480943739 0.1709795918367347 0.32201451905626133
0 0.2671938775510204 0.5898366606170599 0.04937755102040817 0.14259528130671506
0 0.045408163265306126 0.6978221415607986 0.09081632653061225 0.0998185117967332
0 0.21327551020408161 0.7090925589836661 0.028989795918367346 0.11148820326678766
0 0.7025408163265306 0.7820871143375681 0.08062244897959184 0.10551724137931034
0 0.023979591836734693 0.7910344827586208 0.04795918367346939 0.07312159709618875
0 0.23622448979591837 0.8039927404718693 0.10306122448979592 0.07622504537205081
0 0.4718673469387755 0.8200725952813067 0.15510204081632653 0.1493466424682396