1 0.3544921875 0.2529296875 0.021484375 0.0439453125
1 0.4423828125 0.2548828125 0.021484375 0.072265625
1 0.494140625 0.263671875 0.025390625 0.0595703125
1 0.693359375 0.2685546875 0.0185546875 0.0498046875
1 0.560546875 0.275390625 0.015625 0.0439453125
1 0.625 0.28125 0.0185546875 0.0498046875
1 0.375 0.294921875 0.025390625 0.078125
1 0.3046875 0.302734375 0.021484375 0.0439453125
1 0.5859375 0.3095703125 0.021484375 0.037109375
1 0.5205078125 0.3203125 0.015625 0.046875
1 0.7109375 0.3310546875 0.021484375 0.056640625
1 0.333984375 0.3359375 0.0185546875 0.0595703125
1 0.6435546875 0.357421875 0.03125 0.115234375
1 0.400390625 0.3623046875 0.025390625 0.0810546875
1 0.4716796875 0.365234375 0.03125 0.119140625
1 0.5517578125 0.3798828125 0.021484375 0.0654296875
1 0.357421875 0.396484375 0.015625 0.0625
1 0.6875 0.412109375 0.0185546875 0.056640625
1 0.5888671875 0.4248046875 0.021484375 0.087890625
1 0.4423828125 0.451171875 0.0283203125 0.072265625