0 0.128125 0.2524121779859485 0.136953125 0.1873536299765808
0 0.037875 0.2654098360655738 0.04325 0.04163934426229508
0 0.27653125 0.28882903981264635 0.156 0.3070725995316159
0 0.42234375 0.4046370023419204 0.11079687499999999 0.07545667447306792
0 0.542109375 0.4618735362997658 0.128125 0.18995316159250586
0 0.62890625 0.47489461358313817 0.041296875 0.09107728337236534
1 0.275671875 0.06634660421545667 0.15425 0.13271662763466044
1 0.09712499999999999 0.07805620608899297 0.19424999999999998 0.15613583138173304
1 0.91003125 0.17044496487119437 0.1799375 0.34088992974238874
1 0.481359375 0.18215456674473068 0.253125 0.36430913348946137
1 0.713953125 0.21208430913348947 0.211375 0.4241451990632319