0 0.4733559322033898 0.30857142857142855 0.047169491525423796 0.10857142857142857
1 0.33861016949152545 0.35428571428571426 0.055711864406779665 0.21714285714285714
0 0.6724576271186441 0.35714285714285715 0.062355932203389766 0.14285714285714285
1 0.782593220338983 0.3585714285714286 0.07245762711864406 0.07142857142857142
1 0.5699152542372882 0.3871428571428571 0.14201694915254232 0.23714285714285716
0 0.2581186440677966 0.42142857142857143 0.10484745762711867 0.20857142857142857
0 0.43266101694915254 0.5085714285714286 0.13189830508474576 0.2857142857142857
1 0.8410677966101695 0.5214285714285715 0.05718644067796612 0.2542857142857143
0 0.750406779661017 0.5471428571428572 0.11991525423728813 0.3057142857142857
0 0.627542372881356 0.5728571428571428 0.10810169491525419 0.12285714285714286
0 0.3335423728813559 0.5757142857142857 0.04891525423728816 0.054285714285714284
0 0.4834915254237288 0.7114285714285714 0.14205084745762703 0.10857142857142857
0 0.42250847457627116 0.07428571428571429 0.10481355932203386 0.13714285714285715
0 0.5792542372881356 0.8071428571428572 0.09625423728813554 0.16857142857142857
0 0.3326779661016949 0.8585714285714285 0.05737288135593224 0.20285714285714285
0 0.8774915254237289 0.8657142857142858 0.12664406779661022 0.24
0 0.7537966101694915 0.9 0.07925423728813558 0.19428571428571428
0 0.4436779661016949 0.9042857142857142 0.07935593220338992 0.18
0 0.5521186440677966 0.18714285714285714 0.16066101694915247 0.16285714285714287
1 0.407271186440678 0.25142857142857145 0.08159322033898303 0.22857142857142856