1 0.5189888888888888 0.36111666666666664 0.24405555555555555 0.2222166666666667
0 0.6949 0.3639 0.10697777777777778 0.21666666666666667
1 0.14497777777777776 0.44445 0.2849333333333333 0.38333333333333336
1 0.34123333333333333 0.5486166666666666 0.10714444444444446 0.5861000000000001
1 0.8096888888888889 0.6041666666666666 0.21062222222222224 0.20278333333333334
0 0.9568222222222222 0.6291666666666667 0.08635555555555556 0.21944999999999998
0 0.5356555555555556 0.65695 0.28107777777777776 0.36945
0 0.7199 0.8277833333333333 0.0792 0.18888333333333332
0 0.8282 0.8277833333333333 0.13285555555555556 0.24444999999999997
1 0.39031111111111105 0.9208333333333333 0.23854444444444445 0.15833333333333333
1 0.4806333333333333 0.12638333333333332 0.9612666666666666 0.2527833333333333
0 0.9808888888888888 0.12916666666666668 0.03822222222222222 0.20278333333333334