1 0.10996153846153846 0.41484615384615386 0.08590384615384616 0.20330769230769224
1 0.45503846153846156 0.4189615384615385 0.09040384615384614 0.19503846153846147
1 0.6411346153846154 0.4354230769230769 0.07248076923076933 0.3379230769230769
0 0.32059615384615386 0.4516538461538462 0.17307692307692307 0.2780384615384616
0 0.17596153846153847 0.4826923076923077 0.10961538461538461 0.20384615384615384
0 0.7278846153846154 0.5115384615384615 0.09807692307692308 0.2153846153846154
0 0.9019230769230769 0.5846153846153846 0.19230769230769232 0.19230769230769232
0 0.5471153846153847 0.6346153846153846 0.075 0.14615384615384616
1 0.6195961538461539 0.1305 0.3709230769230769 0.261
1 0.2838846153846154 0.15496153846153843 0.1678076923076923 0.30219230769230765
0 0.39048076923076924 0.1881923076923077 0.13163461538461535 0.24450000000000002
1 0.9019230769230769 0.28415384615384615 0.18846153846153846 0.5452307692307692
1 0.1618269230769231 0.36238461538461536 0.07815384615384613 0.22434615384615378
0 0.5596153846153846 0.3769230769230769 0.08846153846153847 0.17692307692307693