1 0.8667031250000001 0.5529508196721312 0.09675000000000011 0.4814051522248242
1 0.07140625 0.5620608899297423 0.1428125 0.5776814988290397
0 0.1828125 0.6687587822014052 0.06924999999999999 0.275831381733021
0 0.2748125 0.7962529274004684 0.06226562500000003 0.10407494145199075
1 0.348578125 0.8092740046838408 0.07785937499999998 0.20297423887587812
0 0.6645 0.8131615925058548 0.05343750000000007 0.09627634660421548
0 0.43970312500000003 0.8222716627634661 0.08996875000000007 0.07285714285714288
1 0.916984375 0.8951288056206089 0.16603125 0.2081733021077283
1 0.15589062499999998 0.9120374707259953 0.307046875 0.117096018735363
0 0.391109375 0.9549882903981264 0.08998437500000005 0.08847775175644022
0 0.7044062500000001 0.9653864168618268 0.19574999999999995 0.0676580796252927
0 0.037875 0.9878922716627634 0.0745 0.02419203747072609
0 0.16371875 0.9892037470725995 0.05882812500000001 0.021592505854801002