1 0.119140625 0.7265625 0.0625 0.072265625
1 0.1904296875 0.7685546875 0.0751953125 0.087890625
1 0.25 0.78125 0.068359375 0.087890625
1 0.1845703125 0.587890625 0.1435546875 0.1064453125
1 0.7919921875 0.5986328125 0.052734375 0.0595703125
1 0.8173828125 0.798828125 0.109375 0.115234375
1 0.8984375 0.7919921875 0.0654296875 0.0966796875
1 0.931640625 0.9169921875 0.125 0.072265625
1 0.765625 0.890625 0.0625 0.0498046875
1 0.498046875 0.7109375 0.0654296875 0.109375
1 0.4326171875 0.4716796875 0.0654296875 0.0751953125
1 0.0390625 0.5263671875 0.0654296875 0.083984375
1 0.0595703125 0.771484375 0.0810546875 0.09375
1 0.3623046875 0.447265625 0.068359375 0.130859375