0 0.338375 0.6630625 0.09933333333333334 0.11412499999999995
0 0.553 0.7051875 0.14816666666666667 0.21468749999999998
0 0.4370833333333334 0.7119375 0.0612916666666667 0.14674999999999994
1 0.16991666666666666 0.1276875 0.17550000000000002 0.16849999999999996
0 0.7785 0.2364375 0.13904166666666667 0.179375
0 0.434375 0.269 0.052208333333333336 0.14675000000000002
0 0.16541666666666668 0.29075 0.08674999999999997 0.16849999999999996
0 0.5892499999999999 0.366875 0.06120833333333332 0.3206249999999999
0 0.508625 0.42800000000000005 0.09566666666666658 0.2744375
0 0.9604583333333333 0.5163125 0.07904166666666677 0.39674999999999994
0 0.235125 0.5760625 0.07766666666666668 0.22825000000000006
0 0.6906666666666667 0.623625 0.1082916666666667 0.3233750000000001