0 0.21278100775193795 0.35400516795865633 0.09469961240310079 0.268733850129199
1 0.4133236434108527 0.3733850129198966 0.10043604651162788 0.2248062015503876
0 0.31935077519379845 0.375968992248062 0.07141472868217058 0.21963824289405684
1 0.725281007751938 0.582687338501292 0.08870155038759686 0.16795865633074936
0 0.6167635658914729 0.58656330749354 0.13524224806201543 0.16020671834625322
1 0.04676356589147287 0.6188630490956072 0.09352713178294574 0.5193798449612403
0 0.26409883720930233 0.6550387596899225 0.3368798449612403 0.3333333333333333
0 0.49082364341085266 0.6731266149870802 0.11203488372093012 0.08527131782945736
0 0.5809302325581395 0.7196382428940569 0.059689922480620064 0.1111111111111111
1 0.6797480620155039 0.7248062015503876 0.1371317829457364 0.10594315245478036
1 0.6032073643410852 0.8733850129198967 0.061618217054263485 0.20155038759689922
0 0.3813468992248062 0.9444444444444444 0.12176356589147284 0.05426356589147287
0 0.6690891472868217 0.9844961240310077 0.05771317829457359 0.031007751937984496