0 0.128125 0.2524121779859485 0.136953125 0.1873536299765808
0 0.037875 0.2654098360655738 0.04325 0.04163934426229508
0 0.27653125 0.28882903981264635 0.15599999999999997 0.3070725995316159
0 0.42234375 0.4046370023419204 0.11079687499999995 0.07545667447306785
0 0.542109375 0.4618735362997658 0.128125 0.1899531615925059
0 0.62890625 0.47489461358313817 0.04129687499999992 0.09107728337236531
1 0.275 0.06557377049180328 0.153125 0.13114754098360656
1 0.096875 0.07728337236533958 0.19375 0.15456674473067916
1 0.91003125 0.17044496487119437 0.17993750000000014 0.34088992974238874
1 0.481359375 0.18215456674473068 0.253125 0.36430913348946137
1 0.7139531250000001 0.21208430913348947 0.21137499999999995 0.4241451990632319