0 0.9233333333333333 0.0625 0.15333333333333332 0.125
0 0.49774999999999997 0.626375 0.07754166666666666 0.20925
1 0.27133333333333337 0.8560000000000001 0.5014583333333333 0.2554375
0 0.6136666666666667 0.8627499999999999 0.1753333333333333 0.1820625
0 0.62725 0.13725 0.11916666666666667 0.2744375
0 0.8074583333333333 0.2051875 0.20783333333333334 0.144
1 0.94325 0.269 0.11349999999999999 0.14675
0 0.5185833333333333 0.2961875 0.14820833333333333 0.1685
1 0.34833333333333333 0.3125 0.17725 0.135875
0 0.8255833333333332 0.48775 0.10641666666666666 0.3288125
1 0.2614166666666667 0.5556875 0.39091666666666663 0.3505625