1 0.5874166666666666 0.073375 0.15183333333333332 0.14675
1 0.25233333333333335 0.0774375 0.17724999999999996 0.154875
0 0.43125 0.1 0.1875 0.2
0 0.6834166666666667 0.10600000000000001 0.0901666666666666 0.0651875
1 0.283125 0.273125 0.10479166666666669 0.2364375
0 0.7585833333333334 0.2839375 0.041249999999999905 0.10599999999999996
0 0.36012500000000003 0.33018749999999997 0.03412499999999999 0.08425000000000002
0 0.4696666666666667 0.40625 0.1264583333333333 0.25268750000000006
0 0.6363333333333333 0.5026875000000001 0.035833333333333425 0.1739374999999999
0 0.837375 0.5163125 0.024916666666666743 0.08693749999999997
0 0.33475 0.5244375 0.0269166666666667 0.10325000000000006