1 0.84375 0.392578125 0.212890625 0.146484375
1 0.1875 0.3935546875 0.1376953125 0.1435546875
1 0.4326171875 0.3984375 0.1279296875 0.1279296875
1 0.6279296875 0.4111328125 0.1875 0.1533203125
1 0.2841796875 0.4609375 0.056640625 0.1533203125
1 0.1982421875 0.5029296875 0.041015625 0.0751953125
1 0.6201171875 0.560546875 0.078125 0.134765625
1 0.8076171875 0.5888671875 0.1220703125 0.240234375
1 0.3828125 0.5908203125 0.103515625 0.162109375
1 0.1982421875 0.6357421875 0.052734375 0.1279296875
1 0.9189453125 0.646484375 0.0751953125 0.2314453125
1 0.099609375 0.662109375 0.068359375 0.099609375
1 0.263671875 0.666015625 0.0341796875 0.1875