1 0.8536093749999999 0.2407025761124122 0.29278125000000016 0.4814051522248244
0 0.283484375 0.2615222482435597 0.04839062500000004 0.2680093676814988
1 0.35031249999999997 0.2810304449648712 0.08132812500000001 0.3070491803278689
0 0.5490468749999999 0.4241451990632319 0.3155625000000001 0.3070491803278689
1 0.75215625 0.5568618266978923 0.08290624999999992 0.14571428571428566
0 0.89528125 0.590679156908665 0.2059687499999999 0.21337236533957848
1 0.27739062500000006 0.06505854800936768 0.25840625 0.13011709601873536
0 0.88928125 0.7624355971896956 0.10021875000000016 0.12489461358313828
0 0.49090625 0.13271662763466044 0.16112500000000002 0.2654098360655738
1 0.63671875 0.13791569086651054 0.13676562499999995 0.2654098360655738
0 0.2296875 0.16393442622950818 0.05532812499999995 0.0676580796252927