0 0.23640625 0.24821852731591448 0.040437499999999994 0.09263657957244656
0 0.5918125 0.46199524940617576 0.038734374999999946 0.06413301662707839
0 0.73553125 0.5736342042755345 0.016812499999999987 0.04513064133016627
0 0.0739375 0.6888361045130641 0.031125000000000003 0.08076009501187649
0 0.16218749999999998 0.7375296912114014 0.06078125000000001 0.19714964370546317
0 0.05725 0.8242280285035629 0.11448437500000001 0.07125890736342043
0 0.56915625 0.8622327790973872 0.05592187499999994 0.14726840855106887
0 0.659765625 0.8847980997624703 0.09339062499999998 0.0831353919239905
0 0.8550156250000001 0.8907363420427553 0.2807812500000001 0.0997624703087886
0 0.29498437499999997 0.9014251781472684 0.054468750000000024 0.05463182897862233
0 0.46839062499999995 0.9061757719714965 0.041906250000000075 0.0688836104513064
0 0.109078125 0.9144893111638955 0.10140625 0.047505938242280284