0 0.338375 0.6630625 0.09933333333333333 0.114125
0 0.553 0.7051875 0.14816666666666667 0.2146875
0 0.4370833333333334 0.7119375 0.06129166666666667 0.14675
1 0.16991666666666666 0.1276875 0.1755 0.1685
0 0.7785 0.2364375 0.13904166666666665 0.179375
0 0.434375 0.269 0.05220833333333333 0.14675
0 0.16541666666666668 0.29075 0.08675000000000001 0.1685
0 0.5892499999999999 0.366875 0.06120833333333333 0.320625
0 0.508625 0.42800000000000005 0.09566666666666666 0.2744375
0 0.9604583333333333 0.5163125 0.07904166666666666 0.39675
0 0.235125 0.5760625 0.07766666666666668 0.22825
0 0.6906666666666667 0.623625 0.10829166666666666 0.323375