0 0.9233333333333333 0.0625 0.15333333333333338 0.125
0 0.49774999999999997 0.626375 0.0775416666666666 0.20924999999999994
1 0.27133333333333337 0.8560000000000001 0.5014583333333333 0.25543750000000004
0 0.6136666666666667 0.8627499999999999 0.17533333333333326 0.18206249999999996
0 0.62725 0.13725 0.11916666666666677 0.2744375
0 0.8074583333333333 0.2051875 0.20783333333333331 0.14399999999999996
1 0.94325 0.269 0.11350000000000003 0.14675000000000002
0 0.5185833333333334 0.2961875 0.1482083333333333 0.16850000000000004
1 0.34833333333333333 0.3125 0.17724999999999996 0.13587499999999997
0 0.8255833333333332 0.48775 0.10641666666666676 0.3288124999999999
1 0.2614166666666667 0.5556875 0.39091666666666663 0.3505625