0 0.44310000000000005 0.36111666666666664 0.06634444444444444 0.16666666666666666
1 0.7059777777777778 0.3625 0.4550666666666667 0.14721666666666666
0 0.9615222222222223 0.4027833333333333 0.03282222222222222 0.18888333333333332
1 0.11133333333333334 0.4625 0.22265555555555555 0.4194333333333333
0 0.3181111111111111 0.4625 0.18303333333333333 0.4138833333333334
0 0.6486000000000001 0.5263833333333333 0.27363333333333334 0.16388333333333333
0 0.8624555555555556 0.5611166666666667 0.14950000000000002 0.10554999999999999
0 0.6615777777777777 0.6736166666666666 0.05144444444444444 0.052783333333333335
0 0.4366111111111111 0.7069500000000001 0.0682 0.14721666666666666
1 0.29034444444444446 0.7361166666666666 0.06454444444444445 0.12778333333333333
0 0.19776666666666667 0.7416666666666667 0.11271111111111111 0.13333333333333333
0 0.2875666666666667 0.8375 0.07010000000000001 0.075
1 0.5003555555555556 0.12638333333333332 0.9993 0.25276666666666664