1 0.9484375 0.16458333333333333 0.10157031250000018 0.3236111111111111
1 0.8401875000000001 0.28888888888888886 0.11675781249999986 0.07777777777777778
0 0.70390625 0.29097222222222224 0.1499921875 0.0763888888888889
1 0.419515625 0.3458333333333333 0.415578125 0.18611111111111112
0 0.173828125 0.3541666666666667 0.07109375 0.20555555555555555
1 0.31060937499999997 0.49027777777777776 0.06384375000000002 0.10277777777777777
0 0.241015625 0.5201388888888889 0.07578125 0.1597222222222222
1 0.580859375 0.5284722222222222 0.24765625 0.1763888888888889
0 0.39765625 0.5409722222222222 0.1140625 0.10138888888888889
0 0.309046875 0.5666666666666667 0.06384375000000002 0.05555555555555555
0 0.713671875 0.6125 0.06015625 0.14166666666666666
0 0.550390625 0.6875 0.25902343749999995 0.14166666666666666
1 0.3078125 0.12638888888888888 0.371875 0.25277777777777777
1 0.6363359375 0.12638888888888888 0.28514062500000004 0.25277777777777777