0 0.6164599609375 0.75 0.06963867187499995 0.07352941176470588
1 0.4651123046875 0.7647058823529411 0.1478027343749999 0.093139705882353
0 0.3511962890625 0.14827941176470588 0.18364746093750006 0.10049264705882355
1 0.5578466796875 0.17156617647058828 0.23241699218750012 0.3382352941176471
0 0.837890625 0.24375 0.32421875 0.2036764705882353
1 0.441513671875 0.3125 0.18849609374999998 0.21323529411764705
0 0.2535595703125 0.34681617647058827 0.1804296875 0.2916691176470588
0 0.92509765625 0.4350514705882353 0.1498046875000001 0.17891911764705876
0 0.4032763671875 0.45588235294117646 0.11854003906249999 0.04902205882352947
1 0.3593359375 0.04902205882352941 0.167373046875 0.09803676470588236
1 0.3772412109375 0.5 0.10878417968749998 0.06372794117647064
0 0.644091796875 0.5294117647058824 0.40485351562499994 0.36764705882352944
0 0.1022265625 0.5710808823529412 0.1414306640625 0.13725735294117652
1 0.837890625 0.07205882352941176 0.32421875 0.14411764705882352