1 0.390625 0.1845703125 0.2060546875 0.087890625
1 0.341796875 0.296875 0.103515625 0.1376953125
1 0.546875 0.3076171875 0.125 0.109375
1 0.4375 0.318359375 0.087890625 0.09375
1 0.1845703125 0.4091796875 0.0810546875 0.15625
1 0.462890625 0.455078125 0.4814453125 0.177734375
1 0.2314453125 0.556640625 0.125 0.1376953125
1 0.560546875 0.572265625 0.2841796875 0.0625
1 0.3857421875 0.583984375 0.0654296875 0.0810546875
1 0.576171875 0.6484375 0.3095703125 0.078125
1 0.328125 0.6748046875 0.181640625 0.087890625