1 0.5342864583333333 0.11420370370370371 0.31038020833333324 0.22839814814814816
1 0.8866614583333334 0.14197222222222222 0.21998958333333338 0.08641666666666666
0 0.7313177083333334 0.16203703703703703 0.08986458333333332 0.1388888888888889
1 0.9612499999999999 0.2654351851851852 0.0775000000000001 0.14814814814814814
1 0.49958854166666666 0.2808611111111111 0.11598437500000003 0.10493518518518523
0 0.7252291666666667 0.3364259259259259 0.3311145833333332 0.21604629629629635
0 0.5273645833333334 0.38734259259259257 0.0639010416666667 0.10802777777777774
0 0.37546874999999996 0.4043240740740741 0.23232812499999997 0.12962962962962962
1 0.8447916666666667 0.047685185185185185 0.3104166666666667 0.09537037037037037
0 0.726078125 0.5061759259259259 0.4647916666666667 0.18518518518518517
0 0.9005572916666666 0.625 0.11930729166666675 0.05247222222222229
0 0.5811666666666666 0.6358055555555555 0.15761458333333328 0.06789814814814808
1 0.7425937499999999 0.6481481481481481 0.17838541666666666 0.05555555555555555
1 0.18628125 0.6697500000000001 0.11436979166666668 0.24074074074074073
1 0.38848958333333333 0.6959907407407407 0.20976041666666667 0.12037037037037036