0 0.3988611111111111 0.28674074074074074 0.05181944444444453 0.09116049382716053
1 0.643888888888889 0.43348148148148147 0.2527083333333334 0.2853333333333333
0 0.4217222222222222 0.04604938271604938 0.03975000000000001 0.07908641975308642
1 0.24890277777777778 0.49795061728395057 0.12941666666666668 0.27708641975308634
0 0.4847222222222222 0.5395061728395062 0.058333333333333334 0.12098765432098765
0 0.36527777777777776 0.5765432098765432 0.10277777777777777 0.1506172839506173
0 0.7222222222222222 0.6246913580246913 0.07777777777777778 0.08888888888888889
0 0.6395833333333333 0.6654320987654321 0.04583333333333333 0.12098765432098765
0 0.46319444444444446 0.6938271604938272 0.04861111111111111 0.1037037037037037
0 0.27847222222222223 0.6975308641975309 0.06805555555555555 0.12098765432098765
0 0.4563055555555556 0.2022469135802469 0.03793055555555548 0.06577777777777774