0 0.6583402489626556 0.28357677902621725 0.04116182572614108 0.13376404494382024
1 0.5449896265560166 0.2862546816479401 0.12862033195020747 0.5724906367041198
1 0.6953838174273859 0.2862546816479401 0.03225103734439834 0.13376404494382024
1 0.24094398340248963 0.3049812734082397 0.48189834024896266 0.6099625468164794
1 0.8566701244813278 0.31835205992509363 0.28667012448132784 0.6367041198501873
0 0.6790767634854772 0.43338951310861423 0.04411825726141079 0.16050561797752808
0 0.625746887966805 0.04548689138576779 0.029315352697095436 0.09095505617977528
1 0.676856846473029 0.04548689138576779 0.06930497925311203 0.09095505617977528
1 0.6316701244813278 0.4681647940074906 0.04412863070539419 0.2354119850187266
0 0.6835269709543568 0.5912172284644195 0.055964730290456434 0.1551685393258427
1 0.37533195020746885 0.6433895131086143 0.2249896265560166 0.06153558052434457
0 0.6361099585062241 0.15382022471910112 0.03523858921161826 0.1257303370786517
1 0.6835269709543568 0.15382022471910112 0.05893153526970955 0.1203932584269663