0 0.677225 0.2336448598130841 0.1031625 0.24299065420560748
1 0.5718875 0.2937196261682243 0.0960625 0.1335140186915888
1 0.0675125 0.3471401869158878 0.13375 0.6942803738317757
0 0.6450875 0.43390654205607476 0.163875 0.15753271028037383
0 0.41119999999999995 0.48598130841121495 0.1782375 0.2349719626168224
1 0.22818750000000002 0.49132710280373837 0.183675 0.24566355140186918
0 0.6245625 0.05474766355140187 0.0407 0.10947663551401869
1 0.7771875 0.05474766355140187 0.2709625 0.10947663551401869
0 0.2844375 0.7863738317757009 0.1533 0.33912149532710284
0 0.044312500000000005 0.9052149532710281 0.069475 0.15487850467289718
1 0.561175 0.09745794392523364 0.0782125 0.189588785046729
1 0.39244999999999997 0.18291588785046728 0.22288750000000002 0.3658130841121495
1 0.20945 0.1842429906542056 0.1461875 0.3684859813084112