0 0.58075 0.4041666666666667 0.1266749999999999 0.1805666666666667
1 0.7203 0.4069333333333333 0.13909999999999997 0.18610000000000004
1 0.641125 0.5319333333333334 0.3474250000000001 0.06390000000000005
1 0.410975 0.5791666666666667 0.10797499999999999 0.11943333333333328
0 0.27872499999999995 0.5805666666666667 0.155925 0.12223333333333339
1 0.5068 0.6264 0.07877499999999998 0.13056666666666672
0 0.6297 0.6764 0.166225 0.225
0 0.324525 0.7416666666666667 0.28504999999999997 0.2
1 0.089825 0.8138999999999998 0.17965 0.08333333333333333
0 0.5849 0.8555666666666667 0.22662500000000008 0.04443333333333347
1 0.60375 0.15666666666666668 0.1775 0.31333333333333335
1 0.257675 0.2597333333333333 0.515325 0.5194666666666666