0 0.6201171875 0.22721354166666666 0.025390625 0.046875
0 0.4541015625 0.2682291666666667 0.017578125 0.06966145833333333
0 0.50634765625 0.2838541666666667 0.01904296875 0.046875
0 0.3779296875 0.2890625 0.0361328125 0.09700520833333333
0 0.6337890625 0.30078125 0.02197265625 0.039713541666666664
0 0.31591796875 0.3131510416666667 0.01806640625 0.045572916666666664
0 0.5966796875 0.3190104166666667 0.01708984375 0.0390625
0 0.52880859375 0.333984375 0.01806640625 0.049479166666666664
0 0.71484375 0.3470052083333333 0.02783203125 0.061197916666666664
0 0.345703125 0.3470052083333333 0.02099609375 0.046875
0 0.64892578125 0.3697916666666667 0.02392578125 0.09765625
0 0.48291015625 0.3717447916666667 0.03076171875 0.134765625
0 0.41259765625 0.373046875 0.02001953125 0.08984375
0 0.5625 0.3893229166666667 0.02880859375 0.078125
0 0.37158203125 0.4134114583333333 0.01904296875 0.061197916666666664
0 0.693359375 0.4296875 0.02099609375 0.046875
0 0.6015625 0.4381510416666667 0.03076171875 0.078125
0 0.45263671875 0.4583333333333333 0.02880859375 0.08268229166666667