0 0.16266666666666665 0.6685 0.05233333333333334 0.217375
1 0.486875 0.1114375 0.21520833333333325 0.22281250000000002
0 0.29491666666666666 0.157625 0.16458333333333333 0.30981249999999994
1 0.11737500000000001 0.16712500000000002 0.18275 0.3288125
0 0.7114999999999999 0.269 0.048499999999999946 0.11412500000000003
0 0.25958333333333333 0.37906249999999997 0.028750000000000022 0.10599999999999996
0 0.198 0.438875 0.03237499999999998 0.11687499999999992
0 0.6182083333333334 0.460625 0.08658333333333322 0.10056250000000003
0 0.4560833333333333 0.47824999999999995 0.08845833333333329 0.10868750000000009
1 0.866375 0.5068125 0.07199999999999988 0.10600000000000005
0 0.352875 0.5638124999999999 0.06675000000000005 0.2853125
0 0.6635000000000001 0.573375 0.08658333333333322 0.1413124999999999
0 0.5131666666666667 0.59375 0.06124999999999995 0.2038125000000001
0 0.8790416666666666 0.6086875 0.03937499999999995 0.09237500000000001
0 0.2505416666666667 0.614125 0.04324999999999998 0.07606249999999992