1 0.4727 0.275 0.21075 0.1611
1 0.7458 0.322225 0.16806666666666667 0.24445
1 0.17646666666666666 0.329175 0.15161666666666668 0.18055
1 0.30793333333333334 0.34722499999999995 0.11083333333333334 0.11109999999999999
1 0.0515 0.36805 0.09796666666666667 0.25277499999999997
0 0.15796666666666667 0.45555 0.10718333333333334 0.066675
0 0.8180333333333333 0.47917499999999996 0.042133333333333335 0.058324999999999995
0 0.2931166666666667 0.50695 0.0775 0.20832499999999998
1 0.7486 0.5236 0.09215 0.158325
0 0.10425 0.527775 0.19978333333333334 0.072225
0 0.44125 0.5763750000000001 0.1515 0.44165
0 0.6773 0.7416750000000001 0.13105 0.127775
0 0.50325 0.9 0.28295000000000003 0.2