1 0.79928125 0.384 0.1791875 0.28058333333333335
1 0.359921875 0.4401041666666667 0.31990625 0.296875
1 0.946640625 0.4856875 0.10671875 0.20052083333333334
0 0.061140625000000004 0.6666666666666666 0.120890625 0.203125
0 0.3179375 0.6783958333333333 0.134453125 0.17447916666666666
0 0.45364062499999996 0.7174583333333333 0.132453125 0.17447916666666666
0 0.9192500000000001 0.7278749999999999 0.146203125 0.2786458333333333
0 0.197828125 0.75 0.144265625 0.171875
0 0.597171875 0.765625 0.1460625 0.15625
0 0.757296875 0.7916666666666666 0.17334375 0.140625
1 0.064078125 0.8229166666666666 0.122828125 0.11979166666666667
1 0.330625 0.8346458333333333 0.11687499999999999 0.12760416666666666
1 0.45754687499999996 0.859375 0.132453125 0.109375
1 0.197828125 0.8854166666666666 0.140359375 0.10416666666666667
1 0.754375 0.9205833333333333 0.16359375 0.11197916666666667