1 0.25145555555555554 0.19583333333333333 0.1201111111111111 0.39166666666666666
1 0.38384444444444443 0.25416666666666665 0.14042222222222223 0.5083333333333333
0 0.11167777777777778 0.31666666666666665 0.04795555555555555 0.19445
1 0.5930444444444445 0.3958333333333333 0.27365555555555554 0.79165
0 0.06076666666666666 0.41111666666666663 0.049822222222222226 0.12778333333333333
0 0.1625888888888889 0.43471666666666664 0.0535 0.43055
0 0.24961111111111112 0.45 0.1201 0.11666666666666667
1 0.8207888888888889 0.45554999999999995 0.17358888888888888 0.3222166666666667
1 0.07001111111111111 0.6097166666666667 0.13128888888888887 0.21388333333333334
0 0.3208777777777778 0.68055 0.26264444444444446 0.33888333333333337
0 0.09315555555555556 0.8569499999999999 0.18496666666666667 0.28611666666666663
0 0.2672 0.9097166666666667 0.15527777777777776 0.11388333333333334
1 0.4578888888888889 0.9236166666666666 0.22186666666666668 0.15278333333333333
1 0.09592222222222221 0.10695 0.19052222222222223 0.21388333333333334