0 0.82125 0.49333333333333335 0.0925 0.08
0 0.507375 0.5172444444444444 0.057425000000000066 0.17942222222222223
1 0.22190000000000001 0.6039111111111111 0.10384999999999998 0.4262222222222221
1 0.630875 0.6126666666666667 0.12834999999999994 0.13835555555555554
0 0.42875 0.68 0.0875 0.17777777777777778
0 0.5175 0.7222222222222222 0.07 0.2
0 0.61875 0.7822222222222223 0.0425 0.10666666666666667
0 0.6875 0.7888888888888889 0.035 0.1111111111111111
1 0.378825 0.7988444444444445 0.20034999999999997 0.09915555555555557
0 0.97875 0.8422222222222222 0.0375 0.09333333333333334
1 0.6945999999999999 0.13333333333333333 0.3458000000000001 0.2577777777777778
0 0.6275 0.2839111111111111 0.075 0.1111111111111111
0 0.69375 0.3933333333333333 0.2075 0.14666666666666667