1 0.6050601443464314 0.23267326732673269 0.05098636728147554 0.21782178217821782
0 0.6699919807538092 0.2400990099009901 0.075028067361668 0.2376237623762376
0 0.3324458700882117 0.2722772277227723 0.12805934242181236 0.28217821782178215
0 0.8055012028869286 0.3341584158415842 0.07977546110665598 0.1485148514851485
1 0.49119486768243786 0.3353960396039604 0.18251804330392943 0.16584158415841585
1 0.3997995188452286 0.4591584158415842 0.09916599839615076 0.08663366336633663
0 0.3428708901363272 0.5693069306930693 0.11041700080192461 0.13366336633663367
0 0.7597995188452286 0.6101485148514851 0.09743384121892543 0.29455445544554454
1 0.4639374498797113 0.6361386138613861 0.12480352846832397 0.25742574257425743
0 0.7718283881315157 0.07425742574257425 0.08299117882919005 0.14356435643564355
0 0.6708019246190858 0.8044554455445545 0.0766158781074579 0.25742574257425743
0 0.29957497995188453 0.8675742574257426 0.13608660785886126 0.2004950495049505
0 0.043015236567762634 0.8836633663366337 0.08486768243785084 0.23267326732673269
0 0.40140336808340016 0.9084158415841584 0.06388933440256617 0.15346534653465346
0 0.19855653568564555 0.9207920792079208 0.06557337610264635 0.15841584158415842
0 0.8215396952686448 0.9764851485148515 0.07335204490777866 0.04702970297029703