0 0.23640625 0.24821852731591448 0.0404375 0.09263657957244656
0 0.5918125 0.46199524940617576 0.038734375 0.06413301662707839
0 0.73553125 0.5736342042755345 0.0168125 0.04513064133016627
0 0.0739375 0.6888361045130641 0.031125000000000003 0.08076009501187649
0 0.16218749999999998 0.7375296912114014 0.060781249999999995 0.19714964370546317
0 0.05725 0.8242280285035629 0.114484375 0.07125890736342043
0 0.56915625 0.8622327790973872 0.055921874999999996 0.14726840855106887
0 0.659765625 0.8847980997624703 0.093390625 0.0831353919239905
0 0.8550156250000001 0.8907363420427553 0.28078125 0.0997624703087886
0 0.29498437499999997 0.9014251781472684 0.054468749999999996 0.05463182897862233
0 0.46839062499999995 0.9061757719714965 0.04190625 0.0688836104513064
0 0.109078125 0.9144893111638955 0.10140625 0.047505938242280284