1 0.599 0.4666666666666667 0.1783125 0.11666666666666667
0 0.2803125 0.523625 0.2243125 0.175
0 0.6719375000000001 0.5916666666666667 0.0991875 0.111125
0 0.871875 0.6222083333333334 0.06575 0.07220833333333333
0 0.5365 0.6333333333333333 0.0700625 0.11666666666666667
0 0.382375 0.6541666666666667 0.061812500000000006 0.058333333333333334
0 0.2303125 0.6680416666666668 0.0576875 0.08054166666666666
1 0.2740625 0.12220833333333332 0.5200625 0.211125
1 0.549 0.31666666666666665 0.11168750000000001 0.18333333333333332
1 0.1483125 0.32779166666666665 0.2966875 0.20554166666666665
0 0.399 0.34029166666666666 0.1784375 0.25833333333333336