0 0.35498046875 0.25390625 0.02001953125 0.041015625
0 0.44140625 0.2545572916666667 0.0224609375 0.07096354166666667
0 0.494140625 0.263671875 0.025390625 0.05859375
0 0.693359375 0.2688802083333333 0.02001953125 0.049479166666666664
0 0.560546875 0.275390625 0.013671875 0.043619791666666664
0 0.62451171875 0.2819010416666667 0.01904296875 0.049479166666666664
0 0.375 0.294921875 0.02294921875 0.078125
0 0.30322265625 0.302734375 0.02099609375 0.044921875
0 0.58642578125 0.3092447916666667 0.02197265625 0.0390625
0 0.51953125 0.3209635416666667 0.017578125 0.046875
0 0.71044921875 0.330078125 0.0224609375 0.056640625
0 0.33251953125 0.3352864583333333 0.01806640625 0.057942708333333336
0 0.64404296875 0.357421875 0.0302734375 0.11328125
0 0.400390625 0.361328125 0.0234375 0.08138020833333333
0 0.47216796875 0.3658854166666667 0.02880859375 0.12044270833333333
0 0.5517578125 0.3795572916666667 0.0224609375 0.06510416666666667
0 0.35693359375 0.3971354166666667 0.017578125 0.0625
0 0.68603515625 0.4114583333333333 0.01806640625 0.055338541666666664
0 0.5888671875 0.423828125 0.0224609375 0.08723958333333333
0 0.44287109375 0.4518229166666667 0.02734375 0.07161458333333333