0 0.33495833333333336 0.2611111111111111 0.06426041666666667 0.11666666666666667
1 0.43181250000000004 0.30833333333333335 0.09130208333333334 0.23333333333333334
0 0.3682916666666667 0.3736111111111111 0.05591666666666666 0.11388888888888889
1 0.6546666666666667 0.38333333333333336 0.35782291666666666 0.38333333333333336
1 0.15892708333333333 0.4361111111111111 0.31219791666666663 0.43333333333333335
0 0.4266041666666667 0.5041666666666667 0.09755208333333334 0.14722222222222223
1 0.35475 0.5402777777777777 0.07883333333333334 0.21944444444444444
0 0.49326041666666665 0.6347222222222222 0.08086458333333332 0.11388888888888889
1 0.7306979166666667 0.7347222222222223 0.28490624999999997 0.3138888888888889
0 0.5422083333333333 0.7611111111111111 0.09126041666666666 0.12777777777777777
1 0.24602083333333333 0.7680555555555556 0.49204166666666665 0.23055555555555557
0 0.5411770833333333 0.8930555555555556 0.08501041666666667 0.1361111111111111