0 0.8511875 0.5434782608695652 0.060828125 0.2753478260869565
0 0.952703125 0.5507391304347826 0.094578125 0.22465217391304348
0 0.702125 0.5887826086956521 0.0465625 0.07608695652173914
1 0.392296875 0.6793478260869565 0.08832812500000001 0.10508695652173913
1 0.6507031249999999 0.6829565217391305 0.047875 0.16304347826086957
1 0.7008281249999999 0.7010869565217391 0.051765625 0.14130434782608695
1 0.19115625 0.7046956521739131 0.120953125 0.14856521739130435
1 0.8186406249999999 0.7264347826086958 0.11551562500000001 0.09056521739130434
0 0.07725 0.7391304347826086 0.104078125 0.22465217391304348
1 0.6305156249999999 0.07969565217391304 0.18978124999999998 0.15943478260869565
1 0.888296875 0.18839130434782608 0.12979687499999998 0.36230434782608695
1 0.774375 0.30978260869565216 0.094703125 0.6195652173913043
1 0.260125 0.3133913043478261 0.412546875 0.6267826086956522