0 0.4727166666666667 0.3486 0.07003333333333331 0.20277500000000004
1 0.74025 0.35972499999999996 0.19768333333333335 0.1361
0 0.5884333333333334 0.384725 0.1051666666666667 0.1861
1 0.8893000000000001 0.40832500000000005 0.09580000000000002 0.22777500000000003
0 0.7217333333333333 0.4625 0.16436666666666666 0.06944999999999993
1 0.8235833333333333 0.4736 0.03473333333333339 0.09167500000000003
0 0.3153333333333333 0.48332499999999995 0.14415000000000003 0.6277750000000001
1 0.8680166666666665 0.572225 0.06063333333333352 0.1
0 0.7698833333333334 0.5847249999999999 0.03103333333333334 0.0861
0 0.15148333333333333 0.5889 0.18308333333333332 0.377775
1 0.31626666666666664 0.084725 0.14600000000000005 0.16945
1 0.4533333333333333 0.1225 0.12333333333333334 0.245
1 0.73745 0.14582499999999998 0.44393333333333357 0.29164999999999996
1 0.13943333333333333 0.147225 0.20346666666666663 0.29445