0 0.6611788291900561 0.1844059405940594 0.11510825982357656 0.1806930693069307
1 0.5200641539695269 0.18935643564356436 0.16326383319967916 0.3787128712871287
0 0.38857257417802726 0.2042079207920792 0.09275862068965514 0.16584158415841585
0 0.297177225340818 0.30445544554455445 0.06392943063352047 0.13366336633663367
1 0.6515557337610265 0.04702970297029703 0.09587008821170806 0.09405940594059406
0 0.6836246992782679 0.4801980198019802 0.16641539695268642 0.2079207920792079
0 0.31241379310344825 0.05816831683168317 0.05910986367281478 0.11633663366336634
1 0.3901764234161989 0.06064356435643564 0.09275862068965514 0.12128712871287128
0 0.2963753007217321 0.6188118811881188 0.0879791499599038 0.13861386138613863
1 0.9105292702485966 0.6683168316831684 0.10379310344827573 0.1485148514851485
0 0.7116840417000803 0.7896039603960396 0.1006655974338412 0.13861386138613863
0 0.9249639133921412 0.8452970297029703 0.11660785886126693 0.19554455445544555
0 0.6058620689655172 0.8564356435643564 0.06542101042502 0.15841584158415842
0 0.26991178829190055 0.931930693069307 0.06714514835605455 0.09158415841584158