1 0.5189888888888888 0.36111666666666664 0.24405555555555553 0.22221666666666665
0 0.6949 0.36390000000000006 0.10697777777777774 0.21666666666666667
1 0.14497777777777776 0.44445 0.2849333333333333 0.38333333333333336
1 0.34123333333333333 0.5486166666666666 0.10714444444444451 0.5861
1 0.8096888888888889 0.6041666666666666 0.21062222222222216 0.20278333333333326
0 0.9568222222222222 0.6291666666666667 0.08635555555555559 0.21944999999999992
0 0.5356555555555554 0.65695 0.2810777777777778 0.36944999999999995
0 0.7199 0.8277833333333333 0.07919999999999996 0.1888833333333334
0 0.8282 0.8277833333333333 0.13285555555555548 0.24444999999999995
1 0.39031111111111105 0.9208333333333333 0.2385444444444445 0.15833333333333333
1 0.48055555555555557 0.12583333333333332 0.9611111111111111 0.25166666666666665
0 0.9808888888888888 0.12916666666666668 0.038222222222222324 0.20278333333333337