0 0.5880416666666667 0.2972222222222222 0.12456249999999992 0.31666666666666665
1 0.8671458333333334 0.38055555555555554 0.0828125 0.11666666666666667
0 0.738 0.4361111111111111 0.16618749999999996 0.13333333333333333
1 0.1225 0.4722222222222222 0.1768125 0.11666666666666667
0 0.9108750000000001 0.6305555555555555 0.17443750000000005 0.38333333333333336
0 0.571375 0.6402777777777777 0.14956249999999993 0.11388888888888889
0 0.364125 0.6458333333333334 0.10591666666666662 0.11388888888888889
1 0.6192708333333333 0.09722222222222222 0.19120833333333329 0.07777777777777778
1 0.76925 0.2152777777777778 0.10787499999999994 0.30833333333333335
1 0.12314583333333333 0.23472222222222222 0.24629166666666666 0.3527777777777778
1 0.6838541666666667 0.2513888888888889 0.06620833333333327 0.225
0 0.3859583333333333 0.27361111111111114 0.2746458333333334 0.425