1 0.5932578125 0.15755208333333334 0.259328125 0.10677083333333333
1 0.2339296875 0.21223958333333334 0.45864843750000006 0.2421875
1 0.8616796875 0.21875 0.2766406249999999 0.15104166666666666
0 0.60496875 0.31640625 0.28275781250000004 0.2109375
0 0.7973359375 0.3606770833333333 0.09327343750000008 0.1328125
0 0.955515625 0.3919270833333333 0.06978125000000013 0.1484375
1 0.30814062499999995 0.4544270833333333 0.43517968749999997 0.2421875
0 0.8080859374999999 0.5377604166666666 0.024921875000000072 0.14322916666666666
0 0.6206015625 0.6588541666666666 0.18902343750000003 0.4739583333333333
1 0.41556249999999995 0.6627604166666666 0.21253124999999998 0.17447916666666666
0 0.8500624999999999 0.78125 0.05028906249999991 0.11458333333333333
0 0.8490859374999999 0.9244791666666666 0.06396093749999991 0.078125
0 0.5629765625 0.9453125 0.4253281249999999 0.109375