0 0.6583402489626556 0.28357677902621725 0.041161825726141146 0.13376404494382024
1 0.5449896265560166 0.2862546816479401 0.12862033195020747 0.5724906367041199
1 0.6953838174273859 0.2862546816479401 0.032251037344398256 0.13376404494382024
1 0.24066390041493776 0.30430711610486894 0.48132780082987553 0.6086142322097379
1 0.8563278008298755 0.31835205992509363 0.28734439834024894 0.6367041198501873
0 0.6790767634854772 0.43338951310861423 0.04411825726141076 0.16050561797752816
0 0.625746887966805 0.04548689138576779 0.029315352697095426 0.0909550561797753
1 0.676856846473029 0.04548689138576779 0.06930497925311198 0.0909550561797753
1 0.6316701244813278 0.4681647940074906 0.044128630705394155 0.23541198501872665
0 0.6835269709543568 0.5912172284644195 0.055964730290456476 0.15516853932584274
1 0.37533195020746885 0.6433895131086143 0.2249896265560166 0.061535580524344595
0 0.6361099585062241 0.15382022471910112 0.035238589211618286 0.12573033707865172
1 0.6835269709543568 0.15382022471910112 0.058931535269709484 0.12039325842696627