1 0.39094736842105265 0.18507638072855465 0.2057456140350878 0.0881316098707403
1 0.34271929824561403 0.29524089306698004 0.1049122807017544 0.13807285546415982
1 0.5466228070175438 0.3084606345475911 0.1267543859649123 0.11163337250293771
0 0.437 0.3172737955346651 0.08733333333333339 0.09400705052878966
1 0.18485087719298246 0.4098119858989424 0.08304385964912282 0.15569917743830788
0 0.4632719298245614 0.45534665099882493 0.4819824561403509 0.1762632197414806
1 0.23199122807017547 0.5566980023501763 0.12468421052631577 0.13807285546415982
0 0.5597631578947369 0.5713866039952996 0.2846140350877193 0.06169212690951821
1 0.3854736842105263 0.5846063454759107 0.06762280701754389 0.08225616921269095
1 0.5762017543859649 0.6477673325499412 0.30872807017543863 0.07931844888366628
1 0.32845614035087717 0.672737955346651 0.18165789473684213 0.0881316098707403