1 0.5874166666666666 0.073375 0.15183333333333332 0.14675
1 0.25233333333333335 0.0774375 0.17725 0.154875
0 0.43254166666666666 0.10187500000000001 0.18625 0.2038125
0 0.6834166666666667 0.10600000000000001 0.09016666666666667 0.0651875
1 0.283125 0.273125 0.10479166666666666 0.2364375
0 0.7585833333333334 0.2839375 0.04125 0.10600000000000001
0 0.36012500000000003 0.33018749999999997 0.034124999999999996 0.08425
0 0.4696666666666667 0.40625 0.12645833333333334 0.2526875
0 0.6363333333333333 0.5026875000000001 0.035833333333333335 0.1739375
0 0.837375 0.5163125 0.024916666666666667 0.0869375
0 0.33475 0.5244375 0.026916666666666665 0.10325