0 0.6164599609375 0.75 0.069638671875 0.07352941176470588
1 0.4651123046875 0.7647058823529411 0.147802734375 0.09313970588235294
0 0.3511962890625 0.14827941176470588 0.1836474609375 0.10049264705882352
1 0.5578466796875 0.17156617647058825 0.2324169921875 0.3382352941176471
0 0.8380224609375 0.243875 0.3239599609375 0.20343382352941178
1 0.441513671875 0.3125 0.18849609375 0.21323529411764705
0 0.2535595703125 0.34681617647058827 0.1804296875 0.29166911764705883
0 0.92509765625 0.4350514705882353 0.1498046875 0.17891911764705884
0 0.4032763671875 0.45588235294117646 0.1185400390625 0.04902205882352941
1 0.3593359375 0.04902205882352941 0.167373046875 0.09803676470588236
1 0.3772412109375 0.5 0.1087841796875 0.06372794117647058
0 0.644091796875 0.5294117647058824 0.404853515625 0.36764705882352944
0 0.1022265625 0.5710808823529412 0.1414306640625 0.13725735294117647
1 0.8380224609375 0.07230147058823529 0.3239599609375 0.14461029411764706