1 0.92916015625 0.22569444444444445 0.1416796875 0.4513888888888889
1 0.72955078125 0.24305555555555555 0.077734375 0.21991319444444446
0 0.674228515625 0.2661979166666667 0.05171875 0.18519097222222222
0 0.348759765625 0.3486631944444445 0.110419921875 0.18807291666666667
0 0.793828125 0.3660243055555556 0.128154296875 0.5758159722222222
1 0.794638671875 0.04050347222222222 0.123271484375 0.08102430555555556
0 0.712470703125 0.4383680555555556 0.03705078125 0.17071180555555554
0 0.546484375 0.5280729166666667 0.0338671875 0.04918402777777778
0 0.513125 0.5512152777777778 0.0257421875 0.0954861111111111
0 0.4415234375 0.5700173611111111 0.06482421875 0.08680555555555555
0 0.67015625 0.6018576388888889 0.12494140625 0.15625
1 0.15755859375 0.625 0.040517578125 0.12730902777777778
1 0.2177734375 0.66984375 0.073037109375 0.15335069444444444
1 0.874365234375 0.6987847222222222 0.2469140625 0.08970486111111112
1 0.79814453125 0.8275520833333334 0.4037109375 0.16203125
1 0.69212890625 0.08824652777777778 0.077744140625 0.17651041666666667
1 0.394326171875 0.12730902777777778 0.110400390625 0.25463541666666667
0 0.504990234375 0.13164930555555554 0.103857421875 0.2633159722222222
1 0.605068359375 0.15769097222222223 0.092421875 0.31538194444444445