1 0.7208203125 0.11393229166666667 0.10200195312500004 0.22786458333333334
1 0.1655078125 0.16927083333333334 0.10464355468750003 0.18229166666666666
1 0.82822265625 0.185546875 0.11172851562500008 0.37109375
1 0.443740234375 0.21158854166666666 0.4462890625 0.2669270833333333
0 0.720830078125 0.2994791666666667 0.10198730468749995 0.14973958333333334
0 0.1703857421875 0.341796875 0.10464355468750003 0.16276041666666666
1 0.4510888671875001 0.3759765625 0.21194335937499997 0.055338541666666664
0 0.298544921875 0.3873697916666667 0.028925781250000004 0.07161458333333333
0 0.381533203125 0.4720052083333333 0.07283203125000004 0.13671875
0 0.5585009765625 0.498046875 0.08985351562499999 0.13671875
0 0.6854296875 0.5094401041666666 0.08980957031249992 0.13346354166666666