0 0.05892857142857143 0.400625 0.04642857142857143 0.04625
0 0.15357142857142858 0.40375 0.047142857142857146 0.0625
0 0.4907142857142857 0.47875 0.03 0.0875
0 0.43607142857142855 0.549375 0.030714285714285715 0.09125
0 0.36142857142857143 0.555 0.047142857142857146 0.0725
0 0.6307142857142857 0.5725 0.11 0.0825
0 0.7546428571428572 0.64375 0.09785714285714285 0.225
0 0.6578571428571428 0.74875 0.09285714285714286 0.09
0 0.048928571428571425 0.81125 0.06642857142857143 0.065
0 0.5392857142857143 0.814375 0.1357142857142857 0.07625
0 0.13857142857142857 0.815 0.05857142857142857 0.075
0 0.30428571428571427 0.825625 0.032857142857142856 0.04625