1 0.3792578125 0.359375 0.758515625 0.25
1 0.64501953125 0.5455729166666666 0.163623046875 0.11197916666666667
1 0.063369140625 0.5520833333333334 0.12673828125 0.140625
0 0.277900390625 0.5572916666666666 0.14814453125 0.14583333333333334
0 0.468291015625 0.56640625 0.18908203125 0.15885416666666666
0 0.15 0.5911458333333334 0.040791015625 0.09895833333333333
0 0.13828125 0.6861979166666666 0.052509765625 0.0546875
0 0.46439453125 0.7057291666666666 0.0719140625 0.11458333333333333
0 0.64697265625 0.7213541666666666 0.1284765625 0.23958333333333334
0 0.23982421875 0.7395833333333334 0.0993359375 0.16666666666666666
0 0.75828125 0.7643229166666666 0.069853515625 0.23697916666666666
0 0.06115234375 0.796875 0.0662109375 0.15104166666666666
0 0.127548828125 0.8268229166666666 0.02712890625 0.15885416666666666