1 0.3681640625 0.39453125 0.671875 0.421875
1 0.2548828125 0.564453125 0.1279296875 0.1533203125
1 0.5888671875 0.5859375 0.115234375 0.1904296875
1 0.1376953125 0.5859375 0.0498046875 0.109375
1 0.4404296875 0.6171875 0.1748046875 0.1591796875
1 0.056640625 0.6748046875 0.037109375 0.0439453125
1 0.427734375 0.7685546875 0.068359375 0.1376953125
1 0.2109375 0.7734375 0.0966796875 0.1533203125
1 0.5966796875 0.8017578125 0.1064453125 0.2470703125
1 0.052734375 0.8125 0.0498046875 0.1435546875
1 0.697265625 0.8779296875 0.0751953125 0.2314453125