1 0.7208203125 0.11393229166666667 0.102001953125 0.22786458333333334
1 0.1655078125 0.16927083333333334 0.1046435546875 0.18229166666666666
1 0.82822265625 0.185546875 0.111728515625 0.37109375
1 0.443740234375 0.21158854166666666 0.4462890625 0.2669270833333333
0 0.720830078125 0.2994791666666667 0.1019873046875 0.14973958333333334
0 0.1703857421875 0.341796875 0.1046435546875 0.16276041666666666
1 0.4510888671875 0.3759765625 0.211943359375 0.055338541666666664
0 0.298544921875 0.3873697916666667 0.02892578125 0.07161458333333333
0 0.381533203125 0.4720052083333333 0.07283203125 0.13671875
0 0.5585009765625 0.498046875 0.089853515625 0.13671875
0 0.6854296875 0.5094401041666666 0.0898095703125 0.13346354166666666