1 0.8667031250000001 0.5529508196721312 0.09675 0.4814051522248244
1 0.07140625 0.5620608899297423 0.1428125 0.5776814988290397
0 0.1828125 0.6687587822014052 0.06925 0.2758313817330211
0 0.2748125 0.7962529274004684 0.062265625000000005 0.10407494145199063
1 0.348578125 0.8092740046838408 0.077859375 0.20297423887587823
0 0.6645 0.8131615925058548 0.053437500000000006 0.09627634660421545
0 0.43970312500000003 0.8222716627634661 0.08996875 0.07285714285714286
1 0.916984375 0.8951288056206089 0.16603125000000002 0.20817330210772833
1 0.155890625 0.9120374707259953 0.307046875 0.117096018735363
0 0.391109375 0.9549882903981264 0.089984375 0.08847775175644028
0 0.70440625 0.9653864168618268 0.19575 0.06765807962529274
0 0.037875 0.9878922716627634 0.0745 0.024192037470725996
0 0.16371875 0.9892037470725995 0.058828124999999995 0.02159250585480094