1 0.6220703125 0.2265625 0.025390625 0.046875
1 0.453125 0.2685546875 0.0185546875 0.068359375
1 0.505859375 0.2861328125 0.0185546875 0.046875
1 0.3779296875 0.2890625 0.037109375 0.0966796875
1 0.6357421875 0.3017578125 0.021484375 0.041015625
1 0.3154296875 0.314453125 0.0185546875 0.046875
1 0.5966796875 0.318359375 0.0185546875 0.037109375
1 0.53125 0.333984375 0.0185546875 0.0498046875
1 0.716796875 0.3466796875 0.0283203125 0.0625
1 0.345703125 0.3486328125 0.021484375 0.046875
1 0.6484375 0.3701171875 0.021484375 0.0966796875
1 0.484375 0.373046875 0.03125 0.134765625
1 0.412109375 0.373046875 0.0185546875 0.0908203125
1 0.5625 0.388671875 0.03125 0.078125
1 0.3720703125 0.412109375 0.0185546875 0.0625
1 0.693359375 0.4296875 0.0185546875 0.046875
1 0.603515625 0.439453125 0.03125 0.078125
1 0.453125 0.4580078125 0.03125 0.083984375