0 0.2506510416666667 0.38525390625 0.15234375 0.14111328125
0 0.44140625 0.36865234375 0.20703125 0.1650390625
0 0.6803385416666666 0.291015625 0.232421875 0.2666015625
0 0.828125 0.40185546875 0.13541666666666666 0.0791015625
0 0.341796875 0.51611328125 0.2838541666666667 0.1171875
0 0.6536458333333334 0.51611328125 0.158203125 0.1044921875
0 0.6569010416666666 0.67578125 0.126953125 0.03955078125
0 0.41796875 0.71533203125 0.059244791666666664 0.03955078125
0 0.3235677083333333 0.72607421875 0.06966145833333333 0.0439453125
0 0.11393229166666667 0.70263671875 0.06966145833333333 0.0458984375
0 0.169921875 0.818359375 0.08854166666666667 0.05224609375
0 0.08854166666666667 0.49169921875 0.11588541666666667 0.0869140625
0 0.5162760416666666 0.6220703125 0.061197916666666664 0.06787109375
0 0.5924479166666666 0.59228515625 0.09049479166666667 0.0693359375
0 0.861328125 0.81005859375 0.061197916666666664 0.04736328125