1 0.348994140625 0.2421875 0.697978515625 0.484375
0 0.255439453125 0.5638020833333334 0.126669921875 0.15364583333333334
1 0.055908203125 0.5703125 0.111826171875 0.16666666666666666
1 0.589375 0.5846354166666666 0.1148046875 0.19010416666666666
0 0.13828125 0.5859375 0.048603515625 0.109375
0 0.439970703125 0.6158854166666666 0.175419921875 0.15885416666666666
0 0.05626953125 0.67578125 0.0369140625 0.044270833333333336
0 0.428271484375 0.7669270833333334 0.069970703125 0.13802083333333334
0 0.21150390625 0.7734375 0.097392578125 0.15104166666666666
0 0.597177734375 0.8020833333333334 0.10701171875 0.24479166666666666
0 0.05236328125 0.8111979166666666 0.0486328125 0.14322916666666666
0 0.696767578125 0.8763020833333334 0.075732421875 0.23177083333333334