0 0.47044166666666665 0.18523489932885906 0.16300833333333334 0.21476510067114093
1 0.25631666666666664 0.2993288590604027 0.14143333333333333 0.4
1 0.7195416666666667 0.3530201342281879 0.21459166666666665 0.22818791946308725
1 0.47044166666666665 0.040268456375838924 0.15968333333333334 0.08053691275167785
0 0.8478833333333333 0.4469798657718121 0.04123333333333333 0.13691275167785236
1 0.5170916666666666 0.45234899328859063 0.18965833333333335 0.3194630872483222
0 0.6604166666666667 0.5570469798657718 0.06962499999999999 0.174496644295302
1 0.761225 0.5570469798657718 0.12790833333333335 0.174496644295302
1 0.8753666666666667 0.6536912751677852 0.09954166666666667 0.2657718120805369
1 0.7778916666666666 0.7516778523489933 0.09457499999999999 0.20939597315436242
0 0.890375 0.8161073825503355 0.052875000000000005 0.05906040268456376
0 0.35880833333333334 0.11677852348993288 0.06307499999999999 0.23355704697986576
1 0.6154083333333333 0.11946308724832215 0.12965833333333335 0.2389261744966443