1 0.5932578125 0.15755208333333334 0.259328125 0.10677083333333333
1 0.2339296875 0.21223958333333334 0.45864843750000006 0.2421875
1 0.8616796875 0.21875 0.27664062500000003 0.15104166666666666
0 0.60496875 0.31640625 0.2827578125 0.2109375
0 0.7973359375 0.3606770833333333 0.0932734375 0.1328125
0 0.955515625 0.3919270833333333 0.06978124999999999 0.1484375
1 0.308140625 0.4544270833333333 0.43517968749999997 0.2421875
0 0.8080859374999999 0.5377604166666666 0.024921875 0.14322916666666666
0 0.6206015625 0.6588541666666666 0.1890234375 0.4739583333333333
1 0.41556249999999995 0.6627604166666666 0.21253125 0.17447916666666666
0 0.8500624999999999 0.78125 0.0502890625 0.11458333333333333
0 0.8490859374999999 0.9244791666666666 0.06396093750000001 0.078125
0 0.5629765625 0.9453125 0.42532812499999995 0.109375