0 0.58075 0.4041666666666667 0.126675 0.18056666666666668
1 0.7203 0.4069333333333333 0.1391 0.1861
1 0.641125 0.5319333333333334 0.347425 0.06390000000000001
1 0.410975 0.5791666666666667 0.10797499999999999 0.11943333333333332
0 0.278725 0.5805666666666667 0.15592499999999998 0.12223333333333333
1 0.5068 0.6264 0.078775 0.13056666666666666
0 0.6297 0.6764 0.16622499999999998 0.225
0 0.324525 0.7416666666666667 0.28504999999999997 0.2
1 0.089825 0.8139 0.17965 0.08333333333333333
0 0.5849 0.8555666666666667 0.22662500000000002 0.04443333333333333
1 0.605725 0.15693333333333334 0.176625 0.3139
1 0.257675 0.2597333333333333 0.515325 0.5194666666666666