1 0.92916015625 0.22569444444444445 0.14167968749999993 0.4513888888888889
1 0.72955078125 0.24305555555555555 0.07773437499999991 0.21991319444444446
0 0.674228515625 0.2661979166666667 0.051718750000000036 0.18519097222222225
0 0.348759765625 0.3486631944444445 0.11041992187499994 0.18807291666666665
0 0.793828125 0.3660243055555556 0.12815429687500002 0.5758159722222222
1 0.7939453125 0.03993055555555555 0.123046875 0.0798611111111111
0 0.712470703125 0.4383680555555556 0.03705078125000005 0.17071180555555562
0 0.546484375 0.5280729166666667 0.03386718750000006 0.04918402777777785
0 0.513125 0.5512152777777778 0.025742187499999902 0.0954861111111111
0 0.4415234375 0.5700173611111111 0.06482421875 0.08680555555555555
0 0.67015625 0.6018576388888889 0.12494140625000005 0.15625
1 0.15755859375 0.625 0.04051757812500001 0.12730902777777786
1 0.2177734375 0.66984375 0.07303710937499996 0.15335069444444452
1 0.874365234375 0.6987847222222222 0.24691406249999992 0.08970486111111103
1 0.79814453125 0.8275520833333334 0.4037109375000001 0.16203125000000007
1 0.69140625 0.0876736111111111 0.078125 0.1753472222222222
1 0.39404296875 0.1267361111111111 0.1103515625 0.2534722222222222
0 0.50439453125 0.1310763888888889 0.1044921875 0.2621527777777778
1 0.605068359375 0.15769097222222223 0.0924218750000001 0.31538194444444445