0 0.4380729166666667 0.027777777777777776 0.03714583333333333 0.05555555555555555
0 0.48181250000000003 0.2777777777777778 0.049625 0.12777777777777777
1 0.21392708333333335 0.30694444444444446 0.4278541666666667 0.6138888888888889
1 0.78890625 0.3541666666666667 0.42217708333333337 0.7083333333333334
0 0.5234687499999999 0.41805555555555557 0.05377083333333333 0.14722222222222223
1 0.4672291666666667 0.49166666666666664 0.08295833333333333 0.29444444444444445
0 0.5380520833333333 0.5527777777777778 0.057937499999999996 0.11666666666666667
0 0.5245104166666666 0.6708333333333333 0.10167708333333333 0.11944444444444445
1 0.08499999999999999 0.6777777777777778 0.16849999999999998 0.1111111111111111
1 0.521375 0.10694444444444444 0.10377083333333334 0.21388888888888888
0 0.44952083333333337 0.13333333333333333 0.05171875 0.15555555555555556