0 0.11962890625 0.7265917602996255 0.0625 0.0696629213483146
0 0.189453125 0.7685393258426966 0.0751953125 0.08689138576779026
0 0.248046875 0.7805243445692884 0.06884765625 0.08764044943820225
0 0.18359375 0.5865168539325842 0.14404296875 0.10561797752808989
0 0.7919921875 0.599250936329588 0.05224609375 0.06142322097378277
0 0.81640625 0.799250936329588 0.10693359375 0.11310861423220973
0 0.89892578125 0.7932584269662921 0.0634765625 0.09438202247191012
0 0.931640625 0.9161048689138577 0.12353515625 0.07265917602996255
0 0.76513671875 0.8891385767790262 0.0634765625 0.050187265917602995
0 0.4990234375 0.7108614232209738 0.0654296875 0.10711610486891386
0 0.43115234375 0.47265917602996255 0.06591796875 0.07415730337078652
0 0.0390625 0.5273408239700375 0.064453125 0.08164794007490636
0 0.05859375 0.7722846441947565 0.0810546875 0.09438202247191012
0 0.36279296875 0.44644194756554306 0.06689453125 0.13258426966292136