1 0.48287109375000004 0.16015625 0.8510546875 0.3203125
1 0.844189453125 0.3919270833333333 0.21432617187500003 0.1484375
1 0.188056640625 0.3932291666666667 0.136484375 0.14583333333333334
0 0.43216796875 0.3971354166666667 0.1285546875 0.12760416666666666
0 0.62744140625 0.4114583333333333 0.18707031249999995 0.15104166666666666
0 0.28376953125 0.4609375 0.054404296875000036 0.15104166666666666
0 0.198818359375 0.50390625 0.040771484375 0.07552083333333333
0 0.619638671875 0.5611979166666666 0.07771484374999993 0.1328125
0 0.806123046875 0.5885416666666666 0.12255859375 0.23958333333333334
0 0.382373046875 0.58984375 0.10319335937499996 0.1640625
0 0.198818359375 0.6354166666666666 0.052490234375 0.13020833333333334
0 0.917431640625 0.6471354166666666 0.07564453125000004 0.23177083333333334
0 0.100205078125 0.6627604166666666 0.07009765625 0.1015625
0 0.26423828125 0.6640625 0.03488281250000003 0.1875