0 0.16266666666666665 0.6685 0.052333333333333336 0.217375
1 0.486875 0.1114375 0.21520833333333333 0.2228125
0 0.29491666666666666 0.157625 0.16458333333333333 0.3098125
1 0.11737500000000001 0.167125 0.18275 0.3288125
0 0.7114999999999999 0.269 0.0485 0.114125
0 0.25958333333333333 0.37906249999999997 0.02875 0.10600000000000001
0 0.198 0.438875 0.032375 0.11687499999999999
0 0.6182083333333334 0.460625 0.08658333333333333 0.1005625
0 0.4560833333333333 0.47824999999999995 0.08845833333333333 0.1086875
1 0.866375 0.5068125 0.07200000000000001 0.10600000000000001
0 0.352875 0.5638124999999999 0.06675 0.28531249999999997
0 0.6635000000000001 0.573375 0.08658333333333333 0.1413125
0 0.5131666666666667 0.59375 0.06125 0.2038125
0 0.8790416666666666 0.6086875 0.039375 0.092375
0 0.25054166666666666 0.614125 0.043250000000000004 0.0760625