1 0.5342864583333333 0.11420370370370371 0.3103802083333333 0.22839814814814813
1 0.8866614583333334 0.14197222222222222 0.21998958333333332 0.08641666666666667
0 0.7313177083333334 0.16203703703703703 0.08986458333333333 0.1388888888888889
1 0.9612499999999999 0.2654351851851852 0.0775 0.14814814814814814
1 0.49958854166666666 0.2808611111111111 0.115984375 0.10493518518518519
0 0.7252291666666667 0.3364259259259259 0.3311145833333333 0.21604629629629632
0 0.5273645833333334 0.38734259259259257 0.06390104166666667 0.10802777777777778
0 0.37546874999999996 0.4043240740740741 0.232328125 0.12962962962962962
1 0.8449322916666666 0.047842592592592596 0.310140625 0.09567592592592593
0 0.726078125 0.5061759259259259 0.46479166666666666 0.18518518518518517
0 0.9005572916666666 0.625 0.11930729166666666 0.052472222222222226
0 0.5811666666666666 0.6358055555555555 0.15761458333333334 0.06789814814814815
1 0.7425937499999999 0.6481481481481481 0.17838541666666666 0.05555555555555555
1 0.18628125 0.6697500000000001 0.11436979166666666 0.24074074074074073
1 0.38848958333333333 0.6959907407407407 0.20976041666666667 0.12037037037037036