1 0.25145555555555554 0.19583333333333333 0.12011111111111114 0.39166666666666666
1 0.38384444444444443 0.25416666666666665 0.14042222222222223 0.5083333333333333
0 0.11167777777777778 0.31666666666666665 0.04795555555555555 0.19445000000000004
1 0.5930444444444445 0.3958333333333333 0.27365555555555554 0.79165
0 0.06076666666666666 0.41111666666666663 0.049822222222222226 0.12778333333333336
0 0.1625888888888889 0.43471666666666664 0.05349999999999998 0.43055000000000004
0 0.24961111111111112 0.45 0.12009999999999997 0.11666666666666667
1 0.8207888888888889 0.45554999999999995 0.1735888888888889 0.32221666666666676
1 0.07001111111111112 0.6097166666666667 0.13128888888888887 0.2138833333333334
0 0.3208777777777778 0.68055 0.26264444444444446 0.3388833333333334
0 0.09277777777777778 0.8566666666666667 0.18555555555555556 0.2866666666666667
0 0.2672 0.9097166666666667 0.15527777777777776 0.11388333333333321
1 0.4572222222222222 0.9233333333333333 0.22111111111111112 0.15333333333333332
1 0.09592222222222221 0.10695 0.19052222222222223 0.21388333333333334