0 0.44310000000000005 0.3611166666666666 0.06634444444444448 0.16666666666666666
1 0.7059777777777778 0.3625 0.4550666666666666 0.14721666666666675
0 0.9615222222222223 0.4027833333333333 0.03282222222222218 0.18888333333333332
1 0.11133333333333333 0.4625 0.22265555555555555 0.41943333333333327
0 0.3181111111111111 0.4625 0.18303333333333335 0.4138833333333334
0 0.6486000000000001 0.5263833333333333 0.27363333333333334 0.1638833333333334
0 0.8624555555555556 0.5611166666666667 0.14949999999999994 0.10555000000000007
0 0.6615777777777777 0.6736166666666666 0.0514444444444444 0.052783333333333265
0 0.4366111111111111 0.7069500000000001 0.0682 0.14721666666666675
1 0.29034444444444446 0.7361166666666666 0.06454444444444447 0.12778333333333328
0 0.19776666666666667 0.7416666666666667 0.11271111111111111 0.13333333333333333
0 0.2875666666666667 0.8375 0.07010000000000004 0.075
1 0.5 0.12583333333333332 1 0.25166666666666665