0 0.6135882352941175 0.44624454148471615 0.2261176470588235 0.11189956331877729
0 0.1217764705882353 0.5281222707423581 0.12485882352941176 0.11189956331877729
0 0.8774705882352941 0.5294759825327511 0.24505882352941177 0.2183406113537118
0 0.37465882352941177 0.5554148471615721 0.24827058823529413 0.16102620087336245
0 0.13794117647058823 0.769650655021834 0.20424705882352942 0.17467248908296942
0 0.6231411764705882 0.7792139737991266 0.23935294117647057 0.33024017467248906
0 0.9083882352941176 0.8174235807860262 0.18043529411764705 0.18831877729257643
1 0.4018705882352941 0.8406113537117904 0.10269411764705882 0.18013100436681223
0 0.3518823529411765 0.9429694323144104 0.0997764705882353 0.06277292576419213
0 0.3864352941176471 0.12008733624454149 0.09535294117647058 0.2074235807860262
0 0.6231411764705882 0.17467248908296942 0.23935294117647057 0.19104803493449782
0 0.8914352941176471 0.18286026200873362 0.21711764705882355 0.3329694323144105
0 0.1254470588235294 0.19104803493449782 0.24101176470588237 0.32751091703056767