0 0.037431640625 0.7690843373493976 0.068359375 0.18474698795180725
0 0.088701171875 0.6536144578313253 0.037431640625 0.05824096385542169
0 0.147705078125 0.6606506024096386 0.034990234375 0.060240963855421686
0 0.048828125 0.42269879518072284 0.09765625 0.25903614457831325
0 0.236005859375 0.610433734939759 0.144853515625 0.2851325301204819
0 0.39306640625 0.6245060240963856 0.13671875 0.27710843373493976
0 0.48625 0.8674698795180723 0.082197265625 0.0963855421686747
0 0.597734375 0.8323373493975904 0.147294921875 0.15060240963855423
0 0.733642578125 0.75 0.111494140625 0.20681927710843373
0 0.6083203125 0.47289156626506024 0.05126953125 0.1345301204819277
0 0.6416796875 0.6285060240963855 0.078935546875 0.1726987951807229
0 0.262861328125 0.3855421686746988 0.037431640625 0.04016867469879518
0 0.125732421875 0.42872289156626503 0.044755859375 0.07028915662650603