0 0.8771224489795919 0.7009981851179673 0.13520408163265307 0.07713248638838476
1 0.6462551020408164 0.46128856624319414 0.15476530612244896 0.5686569872958257
1 0.9009387755102041 0.48698729582577127 0.1913265306122449 0.33272232304900184
1 0.7950714285714285 0.2737386569872958 0.3044183673469388 0.47186932849364793
1 0.14668367346938777 0.8265335753176044 0.07908163265306123 0.13157894736842105
1 0.03316326530612245 0.7970417422867514 0.0663265306122449 0.18451905626134302
1 0.08163265306122448 0.7614882032667877 0.03231632653061225 0.2283666061705989
0 0.21282653061224488 0.8211433756805807 0.026571428571428572 0.04805807622504537
0 0.2537142857142857 0.8025771324863884 0.02492857142857143 0.031560798548094376
1 0.22858163265306122 0.7745372050816697 0.019 0.07715063520871143
1 0.1424795918367347 0.6853901996370235 0.08702040816326531 0.17517241379310344