0 0.30984153461217684 0.5575719649561952 0.2510425354462052 0.13892365456821026
0 0.4866555462885738 0.4643304130162703 0.07756463719766472 0.08760951188986232
0 0.43077564637197663 0.4856070087609512 0.05587989991659716 0.057571964956195244
0 0.6013344453711427 0.3479349186483104 0.08507089241034195 0.09261576971214018
0 0.6814011676396997 0.4862327909887359 0.0817347789824854 0.06633291614518148
0 0.6801501251042535 0.3172715894868586 0.02585487906588824 0.04130162703379224
0 0.7514595496246872 0.3904881101376721 0.02835696413678065 0.03504380475594493
0 0.7343619683069225 0.4380475594493116 0.019182652210175146 0.04005006257822278
0 0.9128440366972477 0.5 0.0475396163469558 0.06382978723404255
0 0.9778982485404504 0.3598247809762203 0.04420350291909925 0.07884856070087609
0 0.5579649708090075 0.4568210262828536 0.021684737281067557 0.03754693366708386
1 0.6042535446205171 0.4455569461827284 0.04420350291909925 0.06758448060075094
1 0.3094245204336947 0.3598247809762203 0.22351959966638865 0.2816020025031289
1 0.38365304420350294 0.4399249061326658 0.061718098415346125 0.06633291614518148
1 0.12969140950792327 0.6007509386733417 0.06755629691409508 0.10763454317897372
1 0.8482068390325271 0.43241551939924905 0.058381984987489574 0.07634543178973717
1 0.6576313594662219 0.24405506883604505 0.05921601334445371 0.057571964956195244
1 0.9020016680567139 0.21088861076345433 0.11759799833194329 0.15644555694618273