1 0.623046875 0.3046875 0.3154296875 0.166015625
1 0.8154296875 0.3408203125 0.0625 0.025390625
1 0.716796875 0.458984375 0.2841796875 0.1435546875
1 0.404296875 0.46875 0.333984375 0.125
1 0.580078125 0.5361328125 0.046875 0.009765625
1 0.5029296875 0.541015625 0.025390625 0.0126953125
1 0.7314453125 0.546875 0.037109375 0.03125
1 0.392578125 0.5498046875 0.1904296875 0.037109375
1 0.251953125 0.560546875 0.0341796875 0.0595703125
1 0.431640625 0.5751953125 0.1064453125 0.005859375
1 0.3466796875 0.583984375 0.068359375 0.0126953125