1 0.701171875 0.263671875 0.078125 0.1591796875
1 0.587890625 0.3203125 0.1435546875 0.134765625
1 0.9267578125 0.205078125 0.140625 0.041015625
1 0.5107421875 0.3935546875 0.0341796875 0.0185546875
1 0.5859375 0.404296875 0.015625 0.015625
1 0.4814453125 0.404296875 0.0185546875 0.0283203125
1 0.6123046875 0.40625 0.025390625 0.025390625
1 0.5078125 0.4267578125 0.015625 0.015625
1 0.5859375 0.431640625 0.021484375 0.025390625
1 0.607421875 0.220703125 0.109375 0.0654296875
1 0.796875 0.236328125 0.1123046875 0.103515625