0 0.7491260504201681 0.31964179104477614 0.04159663865546218 0.08608955223880597
0 0.9115462184873949 0.32850746268656716 0.06603361344537816 0.11501492537313433
0 0.8942184873949579 0.4408955223880597 0.037663865546218485 0.07208955223880596
0 0.969327731092437 0.45907462686567163 0.04502521008403361 0.07767164179104477
0 0.6942352941176471 0.49779104477611935 0.05156302521008403 0.0655223880597015
0 0.7071092436974791 0.5898805970149255 0.031075630252100837 0.06316417910447761
0 0.9753613445378152 0.5905671641791045 0.048705882352941175 0.09438805970149254
0 0.8167394957983193 0.5952537313432835 0.029781512605042016 0.0664179104477612
0 0.18319327731092436 0.7522388059701492 0.346218487394958 0.4716417910447761
0 0.6840336134453782 0.7686567164179104 0.6319327731092437 0.24776119402985075
0 0.8254117647058824 0.2298805970149254 0.05971428571428571 0.09313432835820895