0 0.7491260504201681 0.31964179104477614 0.04159663865546218 0.08608955223880597
0 0.9115462184873949 0.32850746268656716 0.06603361344537809 0.11501492537313433
0 0.8942184873949579 0.4408955223880597 0.037663865546218624 0.0720895522388059
0 0.969327731092437 0.45907462686567163 0.045025210084033554 0.07767164179104472
0 0.6942352941176471 0.49779104477611935 0.05156302521008395 0.06552238805970145
0 0.7071092436974791 0.5898805970149255 0.031075630252100854 0.06316417910447769
0 0.9753613445378152 0.5905671641791045 0.04870588235294121 0.09438805970149255
0 0.8167394957983193 0.5952537313432835 0.02978151260504206 0.0664179104477612
0 0.18319327731092436 0.7522388059701492 0.346218487394958 0.4716417910447761
0 0.6840336134453782 0.7686567164179104 0.6319327731092437 0.24776119402985075
0 0.8254117647058824 0.2298805970149254 0.05971428571428567 0.09313432835820892